Date,Open,High,Low,Close,Volume,Market Cap
Mar 31 2018,0.084414,0.090510,0.083972,0.087607,66469,18541500
Mar 30 2018,0.088011,0.090593,0.081180,0.084365,96038,19331600
Mar 29 2018,0.101740,0.102514,0.084070,0.087714,103287,22346600
Mar 28 2018,0.102694,0.104200,0.100783,0.101641,110215,22555900
Mar 27 2018,0.109937,0.111741,0.101696,0.102715,224978,24145800
Mar 26 2018,0.110609,0.111935,0.095592,0.110126,198794,24291700
Mar 25 2018,0.110173,0.112878,0.107416,0.110688,104569,24195800
Mar 24 2018,0.120716,0.122684,0.109723,0.111585,112252,26511000
Mar 23 2018,0.113464,0.118736,0.108617,0.118736,102035,24918400
Mar 22 2018,0.123084,0.126117,0.108467,0.113467,273872,27030700
Mar 21 2018,0.114458,0.127150,0.112771,0.123305,333090,25133500
Mar 20 2018,0.117090,0.119870,0.110724,0.114146,153258,25710400
Mar 19 2018,0.108810,0.116386,0.105465,0.115839,172804,23891300
Mar 18 2018,0.106027,0.109994,0.098380,0.108454,164468,23279700
Mar 17 2018,0.119280,0.119280,0.086845,0.106287,73963,26189200
Mar 16 2018,0.110999,0.151481,0.104712,0.119080,156514,24370400
Mar 15 2018,0.110665,0.139116,0.100578,0.111062,118147,24296900
Mar 14 2018,0.152898,0.157482,0.096226,0.111424,160808,33569100
Mar 13 2018,0.123222,0.153755,0.119369,0.152575,131977,27052800
Mar 12 2018,0.152948,0.157979,0.118430,0.122967,185059,33577700
Mar 11 2018,0.122649,0.186010,0.113836,0.152777,120645,26925900
Mar 10 2018,0.133185,0.133755,0.113429,0.123056,102354,29234900
Mar 09 2018,0.132344,0.133639,0.116120,0.131026,154730,29049900
Mar 08 2018,0.145807,0.148147,0.128598,0.134119,218357,32004900
Mar 07 2018,0.155594,0.160955,0.132334,0.146011,244979,34152800
Mar 06 2018,0.173659,0.174696,0.153493,0.155794,249158,38117000
Mar 05 2018,0.190169,0.193147,0.171984,0.174166,274323,41738100
Mar 04 2018,0.172905,0.326290,0.167475,0.190308,203377,37947700
Mar 03 2018,0.176123,0.221081,0.169963,0.174120,222078,38652800
Mar 02 2018,0.167404,0.176740,0.166134,0.176335,186967,36739100
Mar 01 2018,0.158203,0.171183,0.157017,0.167821,172130,34719700
Feb 28 2018,0.164429,0.171785,0.156489,0.157976,139023,36082200
Feb 27 2018,0.159976,0.173353,0.157971,0.163984,142604,35104500
Feb 26 2018,0.155421,0.163885,0.148745,0.159518,129980,34103100
Feb 25 2018,0.155796,0.158321,0.149207,0.155223,102281,34185200
Feb 24 2018,0.164385,0.171443,0.149674,0.156057,100879,36069300
Feb 23 2018,0.158380,0.169918,0.155899,0.165381,132727,34751600
Feb 22 2018,0.176420,0.185602,0.158531,0.158531,161044,38709800
Feb 21 2018,0.176398,0.186330,0.165927,0.175671,482648,38704300
Feb 20 2018,0.187746,0.195571,0.174583,0.176468,383077,41193700
Feb 19 2018,0.173201,0.191499,0.170790,0.186300,229647,38001900
Feb 18 2018,0.188570,0.190958,0.167265,0.174000,280338,41373100
Feb 17 2018,0.179353,0.191596,0.176763,0.189584,258182,39350600
Feb 16 2018,0.172888,0.181751,0.170115,0.179395,289302,37930600
Feb 15 2018,0.164690,0.174543,0.162022,0.172895,238527,36131200
Feb 14 2018,0.151855,0.166118,0.150813,0.164601,223479,33314900
Feb 13 2018,0.158263,0.159668,0.147678,0.152308,136965,34719400
Feb 12 2018,0.145995,0.160086,0.145209,0.158068,184647,32025200
Feb 11 2018,0.154964,0.154964,0.138089,0.145071,173982,33991900
Feb 10 2018,0.163969,0.174029,0.147654,0.154805,307713,35966800
Feb 09 2018,0.148234,0.165256,0.139460,0.164069,340988,32514700
Feb 08 2018,0.132271,0.153968,0.131992,0.147728,233306,29013000
Feb 07 2018,0.137299,0.149804,0.127004,0.133403,221782,30112700
Feb 06 2018,0.120018,0.140822,0.098586,0.138641,346795,26322000
Feb 05 2018,0.150379,0.155600,0.111191,0.119054,853051,32979100
Feb 04 2018,0.183804,0.183804,0.146101,0.151912,197308,40308900
Feb 03 2018,0.162734,0.182741,0.148737,0.182352,235827,35687700
Feb 02 2018,0.173461,0.173461,0.132912,0.162294,504847,38040100
Feb 01 2018,0.195609,0.203825,0.162483,0.172908,358410,42896800
Jan 31 2018,0.197805,0.199731,0.188427,0.197241,453152,43377900
Jan 30 2018,0.227578,0.228372,0.195862,0.197497,703281,49904700
Jan 29 2018,0.243257,0.243777,0.224237,0.227660,440935,53336400
Jan 28 2018,0.246467,0.257920,0.240522,0.243813,608259,54039600
Jan 27 2018,0.226723,0.251487,0.226120,0.245813,803893,49710200
Jan 26 2018,0.231240,0.250253,0.214431,0.227235,1057060,50700100
Jan 25 2018,0.229813,0.249371,0.215918,0.233268,1823820,50386400
Jan 24 2018,0.218246,0.231084,0.212040,0.225785,639269,47849800
Jan 23 2018,0.221120,0.233259,0.202736,0.218370,369044,48479000
Jan 22 2018,0.231426,0.254413,0.205145,0.221042,851132,50734000
Jan 21 2018,0.262813,0.262813,0.224710,0.228765,419325,57612900
Jan 20 2018,0.237440,0.269758,0.237211,0.261744,846278,52047500
Jan 19 2018,0.236281,0.251501,0.227207,0.234421,569266,51790800
Jan 18 2018,0.226870,0.270303,0.221251,0.238709,1125860,49726300
Jan 17 2018,0.220508,0.241896,0.173232,0.226487,909107,48331400
Jan 16 2018,0.303089,0.304345,0.198085,0.222509,1420120,66430700
Jan 15 2018,0.322306,0.327867,0.303231,0.304137,1137630,70639300
Jan 14 2018,0.338780,0.348345,0.308970,0.324661,1108100,74247900
Jan 13 2018,0.344953,0.357357,0.331500,0.339527,2156390,75598800
Jan 12 2018,0.315397,0.351840,0.303043,0.340905,2046780,69119500
Jan 11 2018,0.370901,0.371280,0.295619,0.309984,2800660,81282600
Jan 10 2018,0.368567,0.383401,0.337121,0.371552,4483800,80770900
Jan 09 2018,0.360227,0.403233,0.346873,0.368562,4144640,78940300
Jan 08 2018,0.389527,0.395404,0.329799,0.361299,3301520,85359500
Jan 07 2018,0.395347,0.414954,0.374067,0.390934,3188710,86633000
Jan 06 2018,0.345410,0.404067,0.336198,0.394433,5100810,75688200
Jan 05 2018,0.351968,0.364922,0.339178,0.347415,4987300,77122800
Jan 04 2018,0.378683,0.386365,0.345839,0.353609,6254690,82975800
Jan 03 2018,0.382074,0.398470,0.341117,0.380874,8211960,83713000
Jan 02 2018,0.385806,0.433553,0.351695,0.383487,11093800,84530000
Jan 01 2018,0.411226,0.437496,0.364728,0.385963,8749190,90097500
Dec 31 2017,0.378421,0.508288,0.378421,0.408869,32514800,82907600
Dec 30 2017,0.353574,0.408315,0.301270,0.378878,10486200,77462900
Dec 29 2017,0.386602,0.436024,0.346358,0.351002,12407500,84694600
Dec 28 2017,0.338286,0.381886,0.299220,0.377723,11541200,74106800
Dec 27 2017,0.320896,0.364923,0.314879,0.341807,8410330,70295900
Dec 26 2017,0.325430,0.339704,0.302161,0.318640,6379110,71286300
Dec 25 2017,0.312195,0.343310,0.295530,0.325743,6746880,68386200
Dec 24 2017,0.313632,0.315668,0.270919,0.308864,2908590,68700200
Dec 23 2017,0.284406,0.347864,0.280396,0.311319,4922940,62296700
Dec 22 2017,0.328984,0.346753,0.228354,0.281511,6736100,72053600
Dec 21 2017,0.336762,0.374846,0.312086,0.330029,8427280,73755900
Dec 20 2017,0.338265,0.353908,0.282889,0.340188,6066090,74083900
Dec 19 2017,0.361263,0.410482,0.317653,0.338401,9509430,79119600
Dec 18 2017,0.348885,0.368399,0.337124,0.361554,5088820,76406700
Dec 17 2017,0.326352,0.366596,0.321759,0.347833,6907340,71469500
Dec 16 2017,0.316418,0.330828,0.311884,0.325791,4590610,69291100
Dec 15 2017,0.327980,0.338860,0.301069,0.312359,7320930,71815300
Dec 14 2017,0.418274,0.485150,0.298920,0.323923,24453200,91583000
Dec 13 2017,0.307642,0.404811,0.287419,0.404811,8971820,67358400
Dec 12 2017,0.290735,0.310230,0.280615,0.304688,2698840,63652200
Dec 11 2017,0.264640,0.320270,0.264640,0.288401,2035580,57937800
Dec 10 2017,0.294828,0.294828,0.246802,0.265324,1676030,64546100
Dec 09 2017,0.292242,0.337658,0.257660,0.293126,3619240,63978400
Dec 08 2017,0.330621,0.352751,0.272086,0.293570,6299120,72372300
Dec 07 2017,0.341345,0.362530,0.263050,0.332879,7809570,74717900
Dec 06 2017,0.398530,0.493014,0.318450,0.348971,11205200,87234400
Dec 05 2017,0.424659,0.429841,0.391161,0.399804,3622250,92951900
Dec 04 2017,0.427607,0.446867,0.400088,0.425645,5092860,93594800
Dec 03 2017,0.371783,0.461595,0.363958,0.427497,7201440,81363000
Dec 02 2017,0.359246,0.395563,0.358921,0.370691,4194200,78615400
Dec 01 2017,0.295596,0.429119,0.294931,0.359167,9522770,64681600
Nov 30 2017,0.289577,0.302087,0.240050,0.298004,1431390,63360500
Nov 29 2017,0.279170,0.333644,0.255421,0.288018,2360370,61079000
Nov 28 2017,0.302358,0.307027,0.278774,0.279058,1820180,66149300
Nov 27 2017,0.300218,0.308940,0.250006,0.302378,3469230,65674600
Nov 26 2017,0.284431,0.311857,0.261143,0.301897,3612080,62220100
Nov 25 2017,0.221233,0.311943,0.214223,0.282159,8741070,48393000
Nov 24 2017,0.177057,0.239543,0.168598,0.222881,2376070,38729200
Nov 23 2017,0.161221,0.210845,0.161221,0.178521,4767080,35264400
Nov 22 2017,0.144463,0.166527,0.141084,0.160148,1817500,31596000
Nov 21 2017,0.135625,0.160789,0.120175,0.144031,5819040,29660100
Nov 20 2017,0.125649,0.205840,0.123593,0.136331,19714400,27476700
Nov 19 2017,0.125815,0.133902,0.124812,0.126374,269523,27511200
Nov 18 2017,0.122937,0.137129,0.117493,0.126049,387813,26881600
Nov 17 2017,0.129735,0.132032,0.118844,0.123434,398303,28366900
Nov 16 2017,0.128872,0.145441,0.118207,0.129533,639493,28177800
Nov 15 2017,0.129327,0.134196,0.121137,0.127532,609145,28271300
Nov 14 2017,0.127237,0.132213,0.121509,0.129428,359406,27813400
Nov 13 2017,0.114343,0.139439,0.113152,0.126910,1307370,24994100
Nov 12 2017,0.125090,0.125919,0.096830,0.113862,1423450,27343000
Nov 11 2017,0.131961,0.141656,0.119793,0.124971,1314180,28844200
Nov 10 2017,0.148796,0.174827,0.132640,0.132640,3717340,32523500
Nov 09 2017,0.121300,0.159332,0.120174,0.149617,4341070,26512500
Nov 08 2017,0.129312,0.129492,0.113007,0.121463,2113550,28263300
Nov 07 2017,0.148127,0.167465,0.116158,0.128906,6210540,32370800
Nov 06 2017,0.101196,0.214583,0.094363,0.147764,34912700,22112500
Nov 05 2017,0.092502,0.125556,0.091337,0.100118,1252210,20212500
Nov 04 2017,0.088643,0.097765,0.085193,0.092882,301233,19367500
Nov 03 2017,0.082602,0.093569,0.081075,0.088870,255267,18044200
Nov 02 2017,0.080866,0.092956,0.073698,0.083303,682773,17664500
Nov 01 2017,0.083311,0.091333,0.073267,0.079979,506908,18198400
Oct 31 2017,0.085536,0.089097,0.077575,0.085131,382978,18684300
Oct 30 2017,0.080323,0.082748,0.076067,0.082748,118754,17544700
Oct 29 2017,0.076816,0.083287,0.074808,0.081041,258053,16778000
Oct 28 2017,0.082452,0.084363,0.074363,0.078774,407811,18008900
Oct 27 2017,0.080151,0.092046,0.079868,0.082949,445997,17504100
Oct 26 2017,0.088275,0.089088,0.076488,0.079899,651397,19277500
Oct 25 2017,0.092513,0.107768,0.084406,0.089623,2916340,20200700
Oct 24 2017,0.064302,0.116299,0.059764,0.098896,2879110,14039800
Oct 23 2017,0.068007,0.068761,0.062325,0.065285,78016,14848600
Oct 22 2017,0.066076,0.069030,0.063924,0.068117,49414,14426600
Oct 21 2017,0.067954,0.070178,0.065370,0.065370,80997,14836000
Oct 20 2017,0.068899,0.071498,0.065934,0.067676,85426,15040700
Oct 19 2017,0.070920,0.073685,0.067145,0.068594,75282,15481100
Oct 18 2017,0.070287,0.081317,0.064412,0.070883,262811,15342300
Oct 17 2017,0.067025,0.071791,0.065148,0.070595,139210,14629600
Oct 16 2017,0.068386,0.069169,0.065198,0.067015,112520,14926100
Oct 15 2017,0.068150,0.069676,0.062306,0.068093,106470,14874200
Oct 14 2017,0.065937,0.069366,0.063766,0.068477,90875,14390800
Oct 13 2017,0.069045,0.072776,0.063597,0.065916,140225,15068900
Oct 12 2017,0.067125,0.073126,0.066167,0.068964,180700,14649400
Oct 11 2017,0.063372,0.067915,0.061810,0.067760,106317,13830100
Oct 10 2017,0.061704,0.068398,0.060406,0.063761,159230,13465700
Oct 09 2017,0.061588,0.064702,0.058704,0.061709,147077,13437200
Oct 08 2017,0.083553,0.085459,0.060926,0.062031,626952,18228900
Oct 07 2017,0.062067,0.077150,0.060085,0.077150,379716,13540900
Oct 06 2017,0.061655,0.062516,0.055207,0.062046,229959,13449800
Oct 05 2017,0.065278,0.065581,0.059543,0.061656,149106,14239800
Oct 04 2017,0.067217,0.069807,0.065001,0.065089,98390,14662900
Oct 03 2017,0.078378,0.079898,0.065627,0.067062,128703,17097200
Oct 02 2017,0.080761,0.081886,0.076679,0.078374,146472,17615900
Oct 01 2017,0.080577,0.082062,0.079010,0.080928,52069,17575200
Sep 30 2017,0.079083,0.082977,0.078620,0.081110,70976,17249100
Sep 29 2017,0.080003,0.080839,0.074370,0.078352,76678,17449400
Sep 28 2017,0.079224,0.082077,0.078499,0.079924,95103,17278800
Sep 27 2017,0.075331,0.080695,0.074636,0.079814,148732,16429700
Sep 26 2017,0.076921,0.077193,0.073764,0.075542,82259,16773500
Sep 25 2017,0.067550,0.077280,0.067550,0.076916,211449,14729500
Sep 24 2017,0.071663,0.073346,0.067641,0.067641,89383,15626000
Sep 23 2017,0.068600,0.073079,0.066830,0.071536,74976,14957400
Sep 22 2017,0.069850,0.074335,0.065358,0.068465,150287,15228300
Sep 21 2017,0.074979,0.080662,0.069672,0.070028,300053,16344900
Sep 20 2017,0.076325,0.080842,0.075008,0.075324,130885,16637900
Sep 19 2017,0.078755,0.079641,0.074036,0.076046,123236,17166700
Sep 18 2017,0.070945,0.079522,0.070945,0.078695,121747,15464200
Sep 17 2017,0.073270,0.077348,0.065973,0.071086,243875,15970300
Sep 16 2017,0.070189,0.076631,0.067213,0.072984,167491,15298800
Sep 15 2017,0.066303,0.077237,0.054277,0.070316,525652,14451400
Sep 14 2017,0.081463,0.091009,0.065536,0.065536,513013,17755500
Sep 13 2017,0.090347,0.111626,0.081249,0.081506,2082550,19690300
Sep 12 2017,0.084745,0.093035,0.084745,0.090767,288035,18468800
Sep 11 2017,0.084714,0.088647,0.083312,0.084684,162457,18461200
Sep 10 2017,0.093729,0.094274,0.083632,0.084734,263268,20424800
Sep 09 2017,0.091096,0.094865,0.088915,0.094847,91376,19849400
Sep 08 2017,0.102727,0.102727,0.086825,0.091343,167821,22383300
Sep 07 2017,0.101082,0.104550,0.097707,0.103325,240821,22023400
Sep 06 2017,0.096510,0.105994,0.095597,0.101187,243204,21024100
Sep 05 2017,0.094386,0.104765,0.086164,0.095900,406888,20559700
Sep 04 2017,0.107890,0.117308,0.090193,0.093805,509259,23500600
Sep 03 2017,0.105002,0.120114,0.096980,0.107854,963183,22871000
Sep 02 2017,0.118280,0.120811,0.102324,0.104955,186167,25762300
Sep 01 2017,0.118221,0.121150,0.109797,0.118131,738875,25749100
Aug 31 2017,0.122384,0.125614,0.117125,0.118852,367162,26655100
Aug 30 2017,0.122666,0.125617,0.115541,0.122566,314730,26715100
Aug 29 2017,0.127638,0.130579,0.121907,0.122797,568560,27797400
Aug 28 2017,0.127404,0.129545,0.124013,0.127216,266901,27743600
Aug 27 2017,0.129514,0.131500,0.127043,0.127734,226375,28201000
Aug 26 2017,0.132505,0.132505,0.127524,0.129458,298391,28851800
Aug 25 2017,0.129026,0.153818,0.127784,0.132445,835677,28093100
Aug 24 2017,0.124573,0.129483,0.123863,0.129483,144752,27122400
Aug 23 2017,0.126630,0.131402,0.120756,0.124493,284510,27569200
Aug 22 2017,0.128051,0.133774,0.111215,0.126862,516352,27874900
Aug 21 2017,0.131545,0.135640,0.127569,0.127756,381484,28634400
Aug 20 2017,0.136016,0.138628,0.131050,0.132057,202042,29607000
Aug 19 2017,0.140118,0.145571,0.127095,0.136470,648379,30499400
Aug 18 2017,0.146028,0.158719,0.135710,0.141424,1613550,31784700
Aug 17 2017,0.140178,0.150054,0.127899,0.145637,343807,30510900
Aug 16 2017,0.132936,0.140450,0.122018,0.140450,264588,28934200
Aug 15 2017,0.135267,0.136523,0.119233,0.132556,268235,29438300
Aug 14 2017,0.130156,0.134903,0.125741,0.134903,319206,28324100
Aug 13 2017,0.122510,0.136913,0.122510,0.129904,354984,26658100
Aug 12 2017,0.121417,0.129718,0.114470,0.125303,596410,26416800
Aug 11 2017,0.114521,0.139491,0.113899,0.121727,1050310,24916200
Aug 10 2017,0.113539,0.116791,0.111406,0.114493,196733,24702300
Aug 09 2017,0.112788,0.114817,0.104947,0.113528,205245,24538700
Aug 08 2017,0.108196,0.114047,0.104428,0.112481,235428,23538500
Aug 07 2017,0.105610,0.109604,0.104081,0.107466,162534,22973600
Aug 06 2017,0.106315,0.108369,0.101901,0.106400,112811,23126000
Aug 05 2017,0.093760,0.106005,0.093103,0.105993,271785,20393400
Aug 04 2017,0.090745,0.094064,0.089156,0.093179,242774,19737300
Aug 03 2017,0.094051,0.094907,0.088673,0.090768,154151,20455600
Aug 02 2017,0.089458,0.094948,0.083268,0.093874,478953,19456500
Aug 01 2017,0.087174,0.093146,0.082260,0.090581,293310,18959400
Jul 31 2017,0.087789,0.088852,0.084004,0.087240,138069,19092700
Jul 30 2017,0.089620,0.090627,0.084079,0.087699,257122,19490700
Jul 29 2017,0.092017,0.093930,0.086433,0.089185,450214,20009200
Jul 28 2017,0.099746,0.104255,0.092071,0.092358,347983,21686300
Jul 27 2017,0.101947,0.104721,0.096931,0.099391,453217,22164400
Jul 26 2017,0.106068,0.109464,0.096678,0.101514,642148,23060200
Jul 25 2017,0.132559,0.138252,0.094937,0.105850,8119260,28818400
Jul 24 2017,0.119549,0.132955,0.105589,0.132955,2414390,25989200
Jul 23 2017,0.110455,0.121323,0.097969,0.119494,837303,24011500
Jul 22 2017,0.096499,0.114288,0.095672,0.109938,440176,20977200
Jul 21 2017,0.101249,0.101634,0.092483,0.096054,142041,22008500
Jul 20 2017,0.081941,0.105022,0.081941,0.100651,294971,17811400
Jul 19 2017,0.079073,0.106292,0.077790,0.082181,610507,17187900
Jul 18 2017,0.078947,0.084863,0.073370,0.078973,242911,17160000
Jul 17 2017,0.067833,0.078537,0.067479,0.078322,123557,14743600
Jul 16 2017,0.068561,0.072076,0.060577,0.068230,102369,14901700
Jul 15 2017,0.075406,0.075527,0.065365,0.068769,148902,16389100
Jul 14 2017,0.084504,0.084545,0.069736,0.074851,221554,18366200
Jul 13 2017,0.087066,0.089921,0.083090,0.084226,196231,18922700
Jul 12 2017,0.079957,0.086892,0.077554,0.086892,173294,17377100
Jul 11 2017,0.079824,0.087276,0.073018,0.080317,552338,17347600
Jul 10 2017,0.095951,0.096757,0.076160,0.079163,436185,20851300
Jul 09 2017,0.097032,0.102619,0.094326,0.095765,266194,21084700
Jul 08 2017,0.107215,0.107456,0.090931,0.096946,807722,23297400
Jul 07 2017,0.096737,0.116286,0.091614,0.108043,1559960,21020000
Jul 06 2017,0.102523,0.102693,0.094432,0.096673,293790,22277000
Jul 05 2017,0.104511,0.104739,0.098701,0.102038,311761,22707000
Jul 04 2017,0.098894,0.106627,0.097779,0.104263,429686,21486500
Jul 03 2017,0.098265,0.100321,0.091111,0.099641,276095,21349400
Jul 02 2017,0.089185,0.098893,0.085897,0.098651,206853,19375800
Jul 01 2017,0.098780,0.102576,0.086014,0.089005,300851,21460400
Jun 30 2017,0.111827,0.115236,0.096727,0.098071,594649,24293500
Jun 29 2017,0.114266,0.115055,0.106915,0.108203,500675,24823200
Jun 28 2017,0.116909,0.117295,0.105891,0.114371,797842,25397000
Jun 27 2017,0.111402,0.121764,0.097212,0.119076,536641,24198800
Jun 26 2017,0.123405,0.132941,0.096678,0.111402,1145630,26804800
Jun 25 2017,0.128127,0.131726,0.120064,0.123741,503566,27829000
Jun 24 2017,0.139972,0.142129,0.125948,0.127410,579191,30399200
Jun 23 2017,0.120512,0.144557,0.120512,0.139629,1552560,26171700
Jun 22 2017,0.121424,0.123494,0.119110,0.120457,529796,26367000
Jun 21 2017,0.124364,0.130787,0.119679,0.121314,1063980,27000100
Jun 20 2017,0.128767,0.129927,0.120004,0.123906,1152050,27954800
Jun 19 2017,0.119115,0.131035,0.119094,0.128874,1026850,25859000
Jun 18 2017,0.128917,0.129762,0.119056,0.119112,764949,27985900
Jun 17 2017,0.140481,0.140481,0.127988,0.129352,877518,30495600
Jun 16 2017,0.123157,0.145100,0.120542,0.140746,1670350,26734500
Jun 15 2017,0.133947,0.143883,0.108868,0.124828,1974970,29076300
Jun 14 2017,0.165275,0.179995,0.131688,0.135082,4851620,35876500
Jun 13 2017,0.134085,0.215177,0.120757,0.168087,13840200,29105300
Jun 12 2017,0.110653,0.151353,0.093501,0.140410,2528600,24017700
Jun 11 2017,0.101743,0.111303,0.099862,0.110655,494252,22082900
Jun 10 2017,0.105066,0.106560,0.098476,0.101833,667987,22801500
Jun 09 2017,0.100165,0.107326,0.099437,0.104908,581911,21737600
Jun 08 2017,0.097903,0.102549,0.094909,0.100603,406677,21244500
Jun 07 2017,0.102186,0.111169,0.096185,0.096751,662436,22173000
Jun 06 2017,0.104764,0.110491,0.094797,0.103854,1163140,22730800
Jun 05 2017,0.085966,0.102982,0.085738,0.101282,519261,18651500
Jun 04 2017,0.087048,0.087418,0.083040,0.085836,357261,18885800
Jun 03 2017,0.091564,0.091564,0.080788,0.086480,587966,19864700
Jun 02 2017,0.086212,0.092816,0.081270,0.091848,515876,18702700
Jun 01 2017,0.074164,0.095311,0.073668,0.086310,794167,16088700
May 31 2017,0.074343,0.075142,0.066516,0.074079,234408,16127600
May 30 2017,0.078471,0.079649,0.070746,0.074001,345509,17022600
May 29 2017,0.077438,0.080764,0.074719,0.078101,94767,16796300
May 28 2017,0.073998,0.084737,0.070992,0.077354,209578,16049000
May 27 2017,0.081800,0.085309,0.061313,0.073560,183748,17740300
May 26 2017,0.094314,0.106134,0.080210,0.082100,268179,20454200
May 25 2017,0.096740,0.108783,0.088081,0.094934,408477,20979000
May 24 2017,0.093124,0.103621,0.092851,0.097170,419611,20194500
May 23 2017,0.091404,0.100511,0.088749,0.093304,484123,19821100
May 22 2017,0.096259,0.096681,0.083055,0.091766,817746,20873200
May 21 2017,0.101986,0.107481,0.093625,0.095679,750799,22114700
May 20 2017,0.096976,0.104645,0.093520,0.102282,567646,21027300
May 19 2017,0.090352,0.101679,0.085529,0.095580,624030,19589200
May 18 2017,0.080430,0.090749,0.078247,0.090749,847752,17437900
May 17 2017,0.079266,0.081217,0.072932,0.080474,426633,17184600
May 16 2017,0.072777,0.080214,0.070668,0.080214,370133,15777600
May 15 2017,0.076325,0.080197,0.070850,0.072900,399370,16546200
May 14 2017,0.069310,0.085333,0.068572,0.075965,1096660,15024600
May 13 2017,0.062904,0.072331,0.060622,0.069089,532023,13635400
May 12 2017,0.067846,0.069510,0.061913,0.062879,286817,14706100
May 11 2017,0.060299,0.069608,0.058789,0.068607,491707,13069500
May 10 2017,0.060108,0.063852,0.055233,0.060240,737429,13028000
May 09 2017,0.063910,0.080706,0.056366,0.059679,1919810,13851000
May 08 2017,0.058717,0.068766,0.055213,0.063898,1143440,12725200
May 07 2017,0.059133,0.068500,0.055424,0.058718,1149030,12814700
May 06 2017,0.047414,0.062907,0.046940,0.058903,1239110,10274500
May 05 2017,0.044615,0.048874,0.044133,0.047342,263309,9666660
May 04 2017,0.043464,0.046430,0.042645,0.044377,208272,9417000
May 03 2017,0.042974,0.048445,0.041344,0.043597,262788,9310830
May 02 2017,0.042964,0.044513,0.041646,0.043024,150467,9308250
May 01 2017,0.043930,0.045310,0.041674,0.042492,400650,9516390
Apr 30 2017,0.043054,0.044340,0.042145,0.043831,196962,9326740
Apr 29 2017,0.040827,0.044200,0.039841,0.043022,211050,8843960
Apr 28 2017,0.038493,0.044486,0.036844,0.041245,342030,8337900
Apr 27 2017,0.038907,0.039729,0.036091,0.038984,207859,8427050
Apr 26 2017,0.036343,0.039611,0.035755,0.038405,291608,7871700
Apr 25 2017,0.035135,0.037132,0.034153,0.036362,383817,7609570
Apr 24 2017,0.038334,0.039139,0.034033,0.034984,394029,8302080
Apr 23 2017,0.039569,0.040117,0.038002,0.038303,221482,8569170
Apr 22 2017,0.043842,0.044173,0.038843,0.039208,337805,9494480
Apr 21 2017,0.044154,0.046294,0.041570,0.043525,356649,9561680
Apr 20 2017,0.051388,0.055162,0.040201,0.044151,882956,11128000
Apr 19 2017,0.054460,0.054491,0.050180,0.051259,510019,11792800
Apr 18 2017,0.051836,0.057351,0.048923,0.054220,542075,11224100
Apr 17 2017,0.058037,0.059091,0.047575,0.051784,876546,12566000
Apr 16 2017,0.053267,0.063105,0.051840,0.058545,1615860,11533000
Apr 15 2017,0.046073,0.053839,0.043245,0.052942,825646,9974460
Apr 14 2017,0.051463,0.056116,0.045614,0.046190,1061610,11141000
Apr 13 2017,0.048012,0.065431,0.047255,0.052582,4082970,10393100
Apr 12 2017,0.038571,0.049833,0.037362,0.049465,1536130,8348840
Apr 11 2017,0.036221,0.041170,0.035309,0.039005,411613,7839110
Apr 10 2017,0.037504,0.037841,0.033988,0.036186,269075,8116430
Apr 09 2017,0.034860,0.037287,0.032035,0.037287,280062,7544060
Apr 08 2017,0.034549,0.035529,0.033444,0.034851,121601,7476530
Apr 07 2017,0.030659,0.035992,0.030352,0.034542,320555,6634440
Apr 06 2017,0.030945,0.031824,0.028495,0.030655,154333,6695640
Apr 05 2017,0.026789,0.033727,0.025919,0.030953,380123,5795810
Apr 04 2017,0.023498,0.031100,0.023254,0.026785,372945,5083690
Apr 03 2017,0.023355,0.025560,0.021832,0.023466,164583,5051960
Apr 02 2017,0.024835,0.025423,0.022885,0.023572,203294,5372050
Apr 01 2017,0.024650,0.025623,0.023533,0.025001,91554,5331990
Mar 31 2017,0.025864,0.027435,0.023283,0.024662,222112,5594280
Mar 30 2017,0.030168,0.033527,0.022186,0.025870,714262,6525250
Mar 29 2017,0.021449,0.034904,0.020729,0.029584,1817880,4639090
Mar 28 2017,0.018256,0.023478,0.017859,0.021445,413922,3947740
Mar 27 2017,0.016132,0.020148,0.016132,0.018178,168624,3488370
Mar 26 2017,0.016050,0.018055,0.015629,0.016004,58661,3470520
Mar 25 2017,0.016029,0.016305,0.014798,0.016083,63319,3465900
Mar 24 2017,0.018034,0.018353,0.016077,0.016091,52129,3899460
Mar 23 2017,0.017369,0.018570,0.016770,0.018030,147863,3755350
Mar 22 2017,0.017672,0.019471,0.016416,0.017373,298369,3820170
Mar 21 2017,0.015847,0.017857,0.015811,0.017585,86111,3425720
Mar 20 2017,0.015154,0.016007,0.015154,0.015816,36968,3275770
Mar 19 2017,0.014696,0.016045,0.014646,0.015315,59980,3176860
Mar 18 2017,0.016000,0.016596,0.014247,0.014689,92155,3458500
Mar 17 2017,0.017291,0.017291,0.015808,0.016117,67837,3737260
Mar 16 2017,0.018585,0.018759,0.016139,0.017302,75944,4016770
Mar 15 2017,0.018512,0.019495,0.018125,0.018507,57978,4000470
Mar 14 2017,0.018624,0.019390,0.018145,0.018520,77535,4024650
Mar 13 2017,0.018337,0.019201,0.017389,0.018621,116767,3962590
Mar 12 2017,0.017555,0.018585,0.017396,0.018337,35369,3793620
Mar 11 2017,0.016177,0.018285,0.016171,0.017499,184820,3495740
Mar 10 2017,0.016786,0.017986,0.014694,0.016170,110350,3626890
Mar 09 2017,0.016356,0.017160,0.016162,0.017053,18857,3533910
Mar 08 2017,0.017732,0.018453,0.015963,0.016585,40512,3830790
Mar 07 2017,0.020092,0.020232,0.017854,0.018004,100948,4340670
Mar 06 2017,0.020084,0.020381,0.018061,0.020109,175152,4338000
Mar 05 2017,0.016318,0.021157,0.015898,0.020075,468077,3524520
Mar 04 2017,0.015392,0.016554,0.015161,0.016314,31804,3324350
Mar 03 2017,0.016149,0.016413,0.015157,0.015407,38094,3487820
Mar 02 2017,0.016634,0.016962,0.015549,0.016197,43981,3591970
Mar 01 2017,0.016483,0.017930,0.016483,0.016609,36929,3559050
Feb 28 2017,0.017632,0.017638,0.016189,0.016480,19921,3807060
Feb 27 2017,0.017992,0.018260,0.017196,0.017462,26658,3884800
Feb 26 2017,0.017442,0.018319,0.016976,0.017998,61240,3765890
Feb 25 2017,0.016729,0.017554,0.015783,0.017439,78691,3611470
Feb 24 2017,0.018717,0.019324,0.016433,0.016731,86652,4040590
Feb 23 2017,0.017862,0.018967,0.017615,0.018703,30865,3855730
Feb 22 2017,0.017562,0.020021,0.017253,0.018946,59387,3790870
Feb 21 2017,0.019388,0.019388,0.016577,0.017343,68240,4185000
Feb 20 2017,0.019601,0.019815,0.018685,0.019306,40471,4230500
Feb 19 2017,0.019866,0.019908,0.019401,0.019633,15478,4287760
Feb 18 2017,0.019788,0.020350,0.019380,0.019858,22717,4270700
Feb 17 2017,0.020177,0.020281,0.019397,0.019751,43373,4354590
Feb 16 2017,0.019405,0.020255,0.019295,0.019942,28154,4187370
Feb 15 2017,0.019469,0.019558,0.019225,0.019405,20090,4201030
Feb 14 2017,0.019468,0.019998,0.019284,0.019470,48404,4200940
Feb 13 2017,0.019880,0.020115,0.019398,0.019469,23722,4289570
Feb 12 2017,0.020105,0.020224,0.019630,0.019841,24640,4338080
Feb 11 2017,0.020529,0.020618,0.019766,0.019984,34168,4429320
Feb 10 2017,0.019534,0.020554,0.018754,0.020554,51587,4214610
Feb 09 2017,0.020733,0.021389,0.018797,0.019534,63759,4473030
Feb 08 2017,0.020689,0.021248,0.020199,0.020732,20854,4463040
Feb 07 2017,0.020741,0.021160,0.020215,0.020687,31322,4474150
Feb 06 2017,0.020376,0.020971,0.019881,0.020733,68262,4395310
Feb 05 2017,0.019959,0.020782,0.019102,0.020396,106910,4305170
Feb 04 2017,0.020085,0.020109,0.019528,0.019948,52688,4332320
Feb 03 2017,0.020719,0.020910,0.019516,0.020047,107038,4468400
Feb 02 2017,0.018501,0.020824,0.018501,0.020719,133519,3989820
Feb 01 2017,0.019897,0.019945,0.017988,0.018455,109490,4290630
Jan 31 2017,0.018377,0.020136,0.018377,0.019873,102693,3962550
Jan 30 2017,0.019147,0.019779,0.018360,0.018384,169390,4127930
Jan 29 2017,0.019490,0.020040,0.018896,0.019147,78000,4201810
Jan 28 2017,0.019169,0.020224,0.017945,0.019464,223147,4132720
Jan 27 2017,0.017932,0.020578,0.017574,0.019294,390718,3865780
Jan 26 2017,0.018933,0.019256,0.016660,0.017941,240273,4081460
Jan 25 2017,0.018728,0.019323,0.018700,0.018927,44756,4036980
Jan 24 2017,0.020348,0.020395,0.018721,0.018721,71252,4386210
Jan 23 2017,0.018392,0.020441,0.018204,0.020335,232558,3964190
Jan 22 2017,0.019297,0.019348,0.017941,0.018436,93514,4158800
Jan 21 2017,0.018182,0.020028,0.018182,0.019120,87524,3918430
Jan 20 2017,0.019246,0.019750,0.018037,0.018183,77906,4147570
Jan 19 2017,0.018232,0.020493,0.017690,0.019254,179287,3928670
Jan 18 2017,0.017784,0.019206,0.017566,0.018157,67614,3832110
Jan 17 2017,0.017874,0.018574,0.016377,0.017773,270637,3851280
Jan 16 2017,0.018160,0.019835,0.017726,0.017853,205358,3912560
Jan 15 2017,0.017500,0.019646,0.016913,0.017954,624246,3770270
Jan 14 2017,0.014347,0.019768,0.014217,0.017321,970342,3090800
Jan 13 2017,0.013801,0.014500,0.013280,0.014359,29775,2973070
Jan 12 2017,0.013281,0.014278,0.012753,0.013702,45307,2860950
Jan 11 2017,0.015442,0.015603,0.012838,0.013300,77156,3326190
Jan 10 2017,0.016410,0.016703,0.015254,0.015484,192803,3534660
Jan 09 2017,0.018038,0.018263,0.015494,0.016417,307495,3884710
Jan 08 2017,0.016649,0.018219,0.016317,0.017989,169520,3585330
Jan 07 2017,0.016499,0.016969,0.014279,0.016788,203062,3552940
Jan 06 2017,0.017357,0.018802,0.015645,0.016449,383612,3737540
Jan 05 2017,0.019336,0.019910,0.015104,0.017482,222021,4163450
Jan 04 2017,0.017222,0.019510,0.016840,0.019237,265353,3708080
Jan 03 2017,0.016411,0.017712,0.015293,0.017236,425922,3533220
Jan 02 2017,0.014674,0.018776,0.014492,0.016502,589192,3158930
Jan 01 2017,0.015170,0.015782,0.014220,0.014666,211333,3265490
Dec 31 2016,0.014660,0.016523,0.014348,0.015406,293300,3155740
Dec 30 2016,0.017111,0.017633,0.013701,0.015207,591734,3683100
Dec 29 2016,0.014662,0.018922,0.014626,0.018922,326963,3155810
Dec 28 2016,0.014647,0.015413,0.014203,0.014708,143062,3152360
Dec 27 2016,0.015467,0.017227,0.014004,0.014639,288065,3328720
Dec 26 2016,0.016218,0.016747,0.014902,0.015457,131898,3490140
Dec 25 2016,0.016136,0.017302,0.014891,0.016225,414048,3472450
Dec 24 2016,0.017049,0.017672,0.013999,0.016270,410990,3668790
Dec 23 2016,0.012695,0.017590,0.012695,0.017047,344768,2731660
Dec 22 2016,0.011982,0.013430,0.011676,0.012980,68376,2578080
Dec 21 2016,0.012146,0.012451,0.011500,0.011934,54604,2613380
Dec 20 2016,0.011671,0.012459,0.011263,0.012459,46481,2511170
Dec 19 2016,0.012443,0.012700,0.011003,0.011846,181770,2677000
Dec 18 2016,0.010738,0.013006,0.010376,0.012384,235480,2309990
Dec 17 2016,0.012530,0.013202,0.010730,0.010730,167670,2695400
Dec 16 2016,0.014870,0.015435,0.012450,0.012477,321511,3198740
Dec 15 2016,0.021088,0.021787,0.014580,0.015565,740696,4536210
Dec 14 2016,0.017339,0.022280,0.015564,0.021089,872794,3728610
Dec 13 2016,0.010821,0.018607,0.010109,0.016527,1349820,2326850
Dec 12 2016,0.008835,0.009332,0.007865,0.009301,52418,1899520
Dec 11 2016,0.009155,0.009295,0.008642,0.008832,6060,1968260
Dec 10 2016,0.009251,0.010001,0.008944,0.009145,7124,1988790
Dec 09 2016,0.009618,0.009761,0.009076,0.009249,7161,2067580
Dec 08 2016,0.009035,0.009887,0.008816,0.009627,15691,1942110
Dec 07 2016,0.008888,0.009168,0.008792,0.009036,11346,1910470
Dec 06 2016,0.009349,0.009778,0.008514,0.009054,27605,2009450
Dec 05 2016,0.010074,0.010160,0.009045,0.009349,15446,2165110
Dec 04 2016,0.010287,0.010360,0.009371,0.010069,16284,2210740
Dec 03 2016,0.009540,0.010215,0.009380,0.010215,16755,2050280
Dec 02 2016,0.008799,0.010796,0.008168,0.009545,61471,1890900
Dec 01 2016,0.008504,0.009776,0.007544,0.008916,42110,1827530
Nov 30 2016,0.008633,0.008809,0.007965,0.008505,21918,1854890
Nov 29 2016,0.009105,0.009119,0.008632,0.008634,8510,1956420
Nov 28 2016,0.009106,0.009361,0.008620,0.009105,14524,1956390
Nov 27 2016,0.009478,0.009514,0.008882,0.009178,14253,2036270
Nov 26 2016,0.009788,0.009833,0.009216,0.009524,11606,2102820
Nov 25 2016,0.009291,0.010033,0.009098,0.009674,21745,1995960
Nov 24 2016,0.009627,0.009964,0.008166,0.009293,55725,2067960
Nov 23 2016,0.009972,0.010317,0.009465,0.009708,19936,2142040
Nov 22 2016,0.009917,0.010365,0.009624,0.009995,50262,2130070
Nov 21 2016,0.010208,0.010283,0.009815,0.009921,20300,2192430
Nov 20 2016,0.010593,0.010596,0.009548,0.010208,47161,2274940
Nov 19 2016,0.010565,0.011012,0.010073,0.010554,27277,2269020
Nov 18 2016,0.010008,0.012075,0.009972,0.010597,95298,2149310
Nov 17 2016,0.009556,0.011613,0.009182,0.010013,83287,2052040
Nov 16 2016,0.011024,0.011262,0.008572,0.009627,95251,2367320
Nov 15 2016,0.012078,0.012082,0.010455,0.011031,94920,2593330
Nov 14 2016,0.009478,0.012675,0.008923,0.011946,248846,2034970
Nov 13 2016,0.008463,0.009547,0.008337,0.009520,58606,1816900
Nov 12 2016,0.008435,0.009954,0.008369,0.008463,95154,1810930
Nov 11 2016,0.011156,0.011241,0.008599,0.008602,151768,2394990
Nov 10 2016,0.011745,0.012347,0.010963,0.011063,86719,2521080
Nov 09 2016,0.014030,0.014130,0.010794,0.011743,221789,3011590
Nov 08 2016,0.011044,0.014511,0.011044,0.013770,264035,2370580
Nov 07 2016,0.010819,0.012486,0.009036,0.010828,237225,2322050
Nov 06 2016,0.013721,0.015957,0.010770,0.010890,380475,2945060
Nov 05 2016,0.007336,0.015300,0.007235,0.013378,829422,1574410
Nov 04 2016,0.006215,0.007227,0.005956,0.007227,28215,1333750
Nov 03 2016,0.005935,0.006804,0.005935,0.006219,37008,1273410
Nov 02 2016,0.006100,0.006166,0.005657,0.005969,17650,1308940
Nov 01 2016,0.006558,0.006830,0.005812,0.005970,30863,1407110
Oct 31 2016,0.007880,0.008091,0.005727,0.006788,49846,1690630
Oct 30 2016,0.005860,0.008234,0.005638,0.007879,64314,1257240
Oct 29 2016,0.006575,0.006575,0.005349,0.005860,47119,1410730
Oct 28 2016,0.007546,0.008046,0.005747,0.006315,82062,1618870
Oct 27 2016,0.007613,0.008482,0.007319,0.007725,71436,1633190
Oct 26 2016,0.010133,0.010731,0.007204,0.007549,233850,2173680
Oct 25 2016,0.010466,0.010850,0.010037,0.010134,42370,2244880
Oct 24 2016,0.012261,0.012261,0.010496,0.010566,46293,2629910
Oct 23 2016,0.011798,0.013166,0.011485,0.012252,93542,2530370
Oct 22 2016,0.010819,0.012126,0.010460,0.011820,95526,2320280
Oct 21 2016,0.010765,0.012450,0.009404,0.010826,143263,2308720
Oct 20 2016,0.012148,0.012410,0.010417,0.010755,111544,2605120
Oct 19 2016,0.012686,0.012822,0.011368,0.012148,86083,2720640
Oct 18 2016,0.012731,0.013228,0.012383,0.012692,106724,2730120
Oct 17 2016,0.013448,0.013562,0.012284,0.012774,176548,2883710
Oct 16 2016,0.012836,0.015037,0.012347,0.013355,476190,2752440
Oct 15 2016,0.013059,0.013292,0.010771,0.012783,645709,2800260
Oct 14 2016,0.017192,0.017217,0.012473,0.012902,746204,3686180
Oct 13 2016,0.013573,0.018585,0.012890,0.017333,2635420,2910110
Oct 12 2016,0.012268,0.016342,0.009567,0.013548,1940570,2630260
Oct 11 2016,0.024794,0.034078,0.010755,0.012297,5736130,5315880
Oct 10 2016,0.014980,0.042504,0.014817,0.029093,6041280,3211650
Oct 09 2016,0.009833,0.018781,0.009472,0.014862,1225380,2108000
Oct 08 2016,0.006285,0.010897,0.006190,0.009973,614981,1347270
Oct 07 2016,0.006861,0.007253,0.005417,0.006208,214474,1470660
Oct 06 2016,0.004949,0.007500,0.004798,0.006728,238107,1060820
Oct 05 2016,0.004507,0.005212,0.004280,0.005027,31957,965923
Oct 04 2016,0.004200,0.004569,0.004052,0.004501,23557,900135
Oct 03 2016,0.004517,0.004793,0.003797,0.004231,22531,967954
Oct 02 2016,0.004591,0.004867,0.003698,0.004520,40679,983818
Oct 01 2016,0.003595,0.005372,0.003461,0.004627,129775,770428
Sep 30 2016,0.003056,0.003589,0.003033,0.003569,11983,654935
Sep 29 2016,0.003031,0.003199,0.002693,0.003091,16588,649413
Sep 28 2016,0.002688,0.003321,0.002662,0.002977,21525,575865
Sep 27 2016,0.003221,0.003230,0.002605,0.002682,22142,690223
Sep 26 2016,0.002689,0.003317,0.002565,0.003200,30737,576114
Sep 25 2016,0.002530,0.002936,0.002472,0.002689,5384,542136
Sep 24 2016,0.002415,0.002572,0.002415,0.002530,3533,517442
Sep 23 2016,0.002355,0.002465,0.002204,0.002415,2881,504529
Sep 22 2016,0.002417,0.002461,0.002265,0.002265,2352,517840
Sep 21 2016,0.002438,0.002632,0.002358,0.002417,5193,522268
Sep 20 2016,0.002326,0.002953,0.002255,0.002441,33510,498190
Sep 19 2016,0.001941,0.002356,0.001941,0.002326,8119,415744
Sep 18 2016,0.002023,0.002042,0.001894,0.002001,2094,433348
Sep 17 2016,0.002100,0.002197,0.001951,0.002024,4105,449730
Sep 16 2016,0.002030,0.002531,0.001997,0.002100,22915,434699
Sep 15 2016,0.001722,0.003222,0.001717,0.002030,118173,368686
Sep 14 2016,0.001675,0.001727,0.001627,0.001722,3452,358618
Sep 13 2016,0.001509,0.001711,0.001509,0.001674,2314,323234
Sep 12 2016,0.001577,0.001579,0.001439,0.001509,1139,337619
Sep 11 2016,0.001645,0.001647,0.001478,0.001576,933,352314
Sep 10 2016,0.001579,0.001758,0.001558,0.001645,2545,338079
Sep 09 2016,0.001503,0.001753,0.001503,0.001579,8480,321787
Sep 08 2016,0.001373,0.001710,0.001370,0.001497,13552,293892
Sep 07 2016,0.001489,0.001493,0.001360,0.001373,2258,318832
Sep 06 2016,0.001462,0.001512,0.001400,0.001489,1174,313022
Sep 05 2016,0.001443,0.001509,0.001408,0.001462,914,308836
Sep 04 2016,0.001418,0.001494,0.001410,0.001442,2519,303617
Sep 03 2016,0.001433,0.001535,0.001386,0.001418,5174,306868
Sep 02 2016,0.001444,0.001546,0.001409,0.001433,7805,309196
Sep 01 2016,0.001353,0.001649,0.001272,0.001444,33532,289573
Aug 31 2016,0.001651,0.001941,0.001307,0.001392,243934,353503
Aug 30 2016,0.001225,0.001564,0.001156,0.001564,6019,262130
Aug 29 2016,0.001156,0.001276,0.001125,0.001225,2260,247483
Aug 28 2016,0.001362,0.001489,0.001121,0.001155,11982,291576
Aug 27 2016,0.001444,0.001709,0.001303,0.001399,8422,308972
Aug 26 2016,0.001393,0.001487,0.001364,0.001444,1955,298179
Aug 25 2016,0.001509,0.001511,0.001394,0.001394,2189,322823
Aug 24 2016,0.001715,0.001837,0.001360,0.001508,7493,366973
Aug 23 2016,0.001757,0.001913,0.001622,0.001720,7379,375983
Aug 22 2016,0.001430,0.001760,0.001372,0.001758,16455,305920
Aug 21 2016,0.001398,0.001479,0.001285,0.001430,4481,299201
Aug 20 2016,0.001345,0.001525,0.001264,0.001398,5206,287859
Aug 19 2016,0.001213,0.001470,0.001190,0.001345,8629,259512
Aug 18 2016,0.001250,0.001309,0.001051,0.001213,12820,267341
Aug 17 2016,0.001148,0.001474,0.001077,0.001250,15318,245662
Aug 16 2016,0.001129,0.001162,0.001114,0.001148,1220,241616
Aug 15 2016,0.001141,0.001213,0.001107,0.001129,9333,244002
Aug 14 2016,0.001035,0.001345,0.000937,0.001104,12899,221426
Aug 13 2016,0.001127,0.001127,0.000946,0.001035,3621,241036
Aug 12 2016,0.001161,0.001177,0.001004,0.001127,4009,248385
Aug 11 2016,0.001138,0.001724,0.001132,0.001162,20431,243502
Aug 10 2016,0.000855,0.001623,0.000854,0.001144,26376,182900
Aug 09 2016,0.000843,0.000915,0.000758,0.000856,1880,180265
Aug 08 2016,0.000869,0.000915,0.000784,0.000843,2108,185884
Aug 07 2016,0.000789,0.000869,0.000750,0.000869,1822,168727
Aug 06 2016,0.000786,0.000831,0.000697,0.000823,1153,168075
Aug 05 2016,0.000795,0.000868,0.000731,0.000786,694,170010
Aug 04 2016,0.000763,0.000820,0.000734,0.000795,453,163124
Aug 03 2016,0.000730,0.000784,0.000687,0.000763,2324,156009
Aug 02 2016,0.000871,0.000900,0.000687,0.000725,786,186243
Aug 01 2016,0.000889,0.000930,0.000807,0.000871,499,190123
Jul 31 2016,0.000919,0.000970,0.000831,0.000890,1663,196561
Jul 30 2016,0.000911,0.001032,0.000900,0.000967,548,194839
Jul 29 2016,0.000917,0.000934,0.000876,0.000911,374,195954
Jul 28 2016,0.000920,0.000973,0.000881,0.000916,458,196658
Jul 27 2016,0.001037,0.001037,0.000876,0.000920,1377,221637
Jul 26 2016,0.001015,0.001073,0.000888,0.001037,2104,216965
Jul 25 2016,0.001046,0.001082,0.000903,0.001015,929,223552
Jul 24 2016,0.001069,0.001111,0.000986,0.001054,375,228596
Jul 23 2016,0.001089,0.001098,0.000911,0.001070,1324,232824
Jul 22 2016,0.001156,0.001169,0.001013,0.001089,2914,247064
Jul 21 2016,0.001165,0.001178,0.000967,0.001156,4034,248985
Jul 20 2016,0.001326,0.001326,0.001085,0.001165,3063,283493
Jul 19 2016,0.001399,0.001444,0.001215,0.001327,3760,298887
Jul 18 2016,0.001412,0.001498,0.001325,0.001400,783,301466
Jul 17 2016,0.001398,0.001496,0.001275,0.001410,1062,298598
Jul 16 2016,0.001443,0.001668,0.001283,0.001401,1432,308073
Jul 15 2016,0.001270,0.001498,0.001211,0.001457,1458,271202
Jul 14 2016,0.001233,0.001337,0.001182,0.001275,1350,263245
Jul 13 2016,0.001197,0.001336,0.001195,0.001235,394,255516
Jul 12 2016,0.001255,0.001421,0.001088,0.001197,1179,267918
Jul 11 2016,0.001216,0.001656,0.001202,0.001255,3003,259616
Jul 10 2016,0.001199,0.001305,0.001108,0.001217,773,255981
Jul 09 2016,0.001184,0.001253,0.001102,0.001219,560,252705
Jul 08 2016,0.001120,0.001184,0.001060,0.001184,339,239119
Jul 07 2016,0.001223,0.001464,0.001040,0.001119,1984,261007
Jul 06 2016,0.001113,0.001243,0.001091,0.001222,445,237549
Jul 05 2016,0.000962,0.001185,0.000890,0.001113,1926,205237
Jul 04 2016,0.001020,0.001046,0.000899,0.000961,480,217820
Jul 03 2016,0.001085,0.001154,0.000987,0.000997,371,231495
Jul 02 2016,0.000915,0.001189,0.000915,0.001084,988,195290
Jul 01 2016,0.000971,0.001093,0.000904,0.000915,753,207164
Jun 30 2016,0.000830,0.001071,0.000827,0.000972,1290,177121
Jun 29 2016,0.000798,0.000830,0.000742,0.000830,308,170385
Jun 28 2016,0.000745,0.000799,0.000745,0.000799,53,158971
Jun 27 2016,0.000696,0.000797,0.000683,0.000738,130,148533
Jun 26 2016,0.000765,0.000766,0.000652,0.000706,113,163171
Jun 25 2016,0.000765,0.000800,0.000744,0.000765,40,163285
Jun 24 2016,0.000743,0.000820,0.000715,0.000767,100,158600
Jun 23 2016,0.000737,0.000763,0.000686,0.000743,18,157301
Jun 22 2016,0.000818,0.000842,0.000727,0.000728,25,174594
Jun 21 2016,0.000805,0.000845,0.000742,0.000817,148,171792
Jun 20 2016,0.000840,0.000881,0.000761,0.000805,95,179160
Jun 19 2016,0.000797,0.000848,0.000783,0.000839,41,170118
Jun 18 2016,0.000784,0.000869,0.000775,0.000798,179,167186
Jun 17 2016,0.000829,0.000838,0.000746,0.000784,335,176940
Jun 16 2016,0.000808,0.000874,0.000745,0.000829,351,172268
Jun 15 2016,0.000794,0.000837,0.000742,0.000807,188,169286
Jun 14 2016,0.000808,0.000871,0.000786,0.000794,135,172376
Jun 13 2016,0.000810,0.000827,0.000764,0.000808,195,172682
Jun 12 2016,0.000764,0.000857,0.000764,0.000809,148,162990
Jun 11 2016,0.000793,0.000807,0.000681,0.000765,202,169104
Jun 10 2016,0.000784,0.000797,0.000750,0.000793,34,167207
Jun 09 2016,0.000770,0.000806,0.000751,0.000784,99,164252
Jun 08 2016,0.000768,0.000786,0.000746,0.000770,146,163763
Jun 07 2016,0.000795,0.000804,0.000682,0.000758,186,169569
Jun 06 2016,0.000801,0.000817,0.000770,0.000795,43,170857
Jun 05 2016,0.000813,0.000875,0.000796,0.000801,70,173345
Jun 04 2016,0.000868,0.000897,0.000745,0.000814,173,185134
Jun 03 2016,0.000838,0.000894,0.000838,0.000868,128,178606
Jun 02 2016,0.000829,0.000874,0.000825,0.000838,202,176681
Jun 01 2016,0.000740,0.000833,0.000717,0.000831,353,157632
May 31 2016,0.000713,0.000743,0.000700,0.000740,164,151887
May 30 2016,0.000701,0.000733,0.000698,0.000714,63,149410
May 29 2016,0.000724,0.000741,0.000680,0.000700,110,154311
May 28 2016,0.000653,0.000726,0.000652,0.000725,176,139207
May 27 2016,0.000627,0.000676,0.000619,0.000654,75,133660
May 26 2016,0.000676,0.000676,0.000616,0.000627,253,144014
May 25 2016,0.000682,0.000693,0.000655,0.000676,93,145221
May 24 2016,0.000696,0.000701,0.000662,0.000682,246,148306
May 23 2016,0.000704,0.000730,0.000678,0.000696,50,150047
May 22 2016,0.000727,0.000731,0.000700,0.000705,15,154846
May 21 2016,0.000725,0.000739,0.000706,0.000727,120,154384
May 20 2016,0.000722,0.000746,0.000697,0.000724,38,153861
May 19 2016,0.000734,0.000750,0.000709,0.000724,120,156389
May 18 2016,0.000746,0.000758,0.000708,0.000734,335,158985
May 17 2016,0.000761,0.000787,0.000716,0.000746,327,162009
May 16 2016,0.000775,0.000780,0.000735,0.000761,27,165113
May 15 2016,0.000746,0.000789,0.000731,0.000775,225,158976
May 14 2016,0.000773,0.000780,0.000716,0.000746,288,164567
May 13 2016,0.000780,0.000808,0.000761,0.000773,51,166032
May 12 2016,0.000775,0.000785,0.000758,0.000780,35,165122
May 11 2016,0.000762,0.000792,0.000753,0.000775,146,162279
May 10 2016,0.000785,0.000804,0.000744,0.000762,567,167186
May 09 2016,0.000842,0.000842,0.000768,0.000785,165,179260
May 08 2016,0.000766,0.000904,0.000745,0.000842,322,163166
May 07 2016,0.000727,0.000818,0.000726,0.000766,101,154739
May 06 2016,0.000727,0.000850,0.000726,0.000727,422,154842
May 05 2016,0.000724,0.000759,0.000724,0.000727,92,154091
May 04 2016,0.000724,0.000740,0.000709,0.000724,79,154114
May 03 2016,0.000731,0.000740,0.000692,0.000724,345,155547
May 02 2016,0.000739,0.000763,0.000694,0.000731,142,157402
May 01 2016,0.000719,0.000756,0.000714,0.000739,84,153067
Apr 30 2016,0.000735,0.000762,0.000693,0.000719,216,156391
Apr 29 2016,0.000718,0.000761,0.000694,0.000738,191,152819
Apr 28 2016,0.000746,0.000748,0.000660,0.000718,743,158781
Apr 27 2016,0.000857,0.000858,0.000708,0.000743,454,182326
Apr 26 2016,0.000895,0.000904,0.000836,0.000857,360,190531
Apr 25 2016,0.000956,0.000978,0.000884,0.000884,1553,203378
Apr 24 2016,0.000933,0.000962,0.000910,0.000956,526,198622
Apr 23 2016,0.000948,0.000983,0.000903,0.000933,349,201747
Apr 22 2016,0.001035,0.001048,0.000766,0.000948,724,220185
Apr 21 2016,0.001093,0.001094,0.000992,0.001034,714,232655
Apr 20 2016,0.001222,0.001244,0.001059,0.001093,1870,260045
Apr 19 2016,0.001240,0.001265,0.001160,0.001222,1156,263959
Apr 18 2016,0.001387,0.001516,0.001156,0.001240,5409,295168
Apr 17 2016,0.001041,0.001938,0.001028,0.001387,12526,221454
Apr 16 2016,0.001122,0.001176,0.000934,0.001040,795,238789
Apr 15 2016,0.001101,0.001244,0.001055,0.001122,685,234243
Apr 14 2016,0.000929,0.001213,0.000914,0.001101,1255,197582
Apr 13 2016,0.000934,0.000941,0.000855,0.000919,887,198625
Apr 12 2016,0.001026,0.001029,0.000896,0.000934,604,218199
Apr 11 2016,0.001040,0.001083,0.000997,0.001026,700,221267
Apr 10 2016,0.001248,0.001258,0.000883,0.001040,1463,265482
Apr 09 2016,0.001333,0.001366,0.001185,0.001248,2250,283601
Apr 08 2016,0.001302,0.001366,0.001255,0.001333,580,276880
Apr 07 2016,0.001308,0.001388,0.001287,0.001302,509,278190
Apr 06 2016,0.001325,0.001369,0.001287,0.001308,498,281831
Apr 05 2016,0.001444,0.001444,0.001287,0.001325,1691,307128
Apr 04 2016,0.001489,0.001540,0.001397,0.001444,1220,316612
Apr 03 2016,0.001479,0.001593,0.001444,0.001489,2104,314520
Apr 02 2016,0.001480,0.001564,0.001440,0.001479,1496,314794
Apr 01 2016,0.001222,0.001572,0.001221,0.001512,2381,259749
Mar 31 2016,0.001172,0.001336,0.001156,0.001156,2337,249303
Mar 30 2016,0.001146,0.001210,0.001107,0.001172,896,243598
Mar 29 2016,0.001190,0.001245,0.001121,0.001162,863,253046
Mar 28 2016,0.001208,0.001248,0.001085,0.001190,1075,256933
Mar 27 2016,0.001158,0.001524,0.001115,0.001210,4907,246182
Mar 26 2016,0.001154,0.001181,0.001091,0.001158,325,245397
Mar 25 2016,0.001042,0.001155,0.001029,0.001154,1205,221575
Mar 24 2016,0.000981,0.001057,0.000981,0.001042,450,208534
Mar 23 2016,0.000973,0.001109,0.000973,0.000981,645,206916
Mar 22 2016,0.000969,0.001046,0.000968,0.000973,414,205957
Mar 21 2016,0.001005,0.001030,0.000864,0.000969,802,213544
Mar 20 2016,0.000942,0.001030,0.000869,0.001005,1360,200197
Mar 19 2016,0.000994,0.001092,0.000920,0.000942,1668,211220
Mar 18 2016,0.000844,0.001111,0.000841,0.000994,2169,179319
Mar 17 2016,0.000795,0.000866,0.000795,0.000844,969,168915
Mar 16 2016,0.000842,0.000842,0.000780,0.000795,323,178948
Mar 15 2016,0.000691,0.000864,0.000672,0.000842,1218,146936
Mar 14 2016,0.000720,0.000721,0.000684,0.000691,255,153124
Mar 13 2016,0.000683,0.000742,0.000683,0.000721,261,145059
Mar 12 2016,0.000735,0.000739,0.000678,0.000683,147,156278
Mar 11 2016,0.000734,0.000756,0.000686,0.000711,241,155894
Mar 10 2016,0.000657,0.000763,0.000656,0.000734,707,139557
Mar 09 2016,0.000749,0.000756,0.000635,0.000657,824,159165
Mar 08 2016,0.000754,0.000778,0.000713,0.000749,284,160159
Mar 07 2016,0.000828,0.000834,0.000724,0.000754,881,175949
Mar 06 2016,0.000800,0.000882,0.000762,0.000828,713,170007
Mar 05 2016,0.000838,0.000845,0.000782,0.000801,228,177989
Mar 04 2016,0.000898,0.000927,0.000833,0.000838,390,190808
Mar 03 2016,0.000877,0.000933,0.000830,0.000898,468,186401
Mar 02 2016,0.000846,0.000923,0.000820,0.000879,814,179800
Mar 01 2016,0.000844,0.000925,0.000814,0.000846,765,179404
Feb 29 2016,0.000854,0.000934,0.000812,0.000845,1023,181388
Feb 28 2016,0.000739,0.000863,0.000717,0.000854,289,157015
Feb 27 2016,0.000724,0.000780,0.000714,0.000739,63,153816
Feb 26 2016,0.000730,0.000802,0.000713,0.000722,484,154961
Feb 25 2016,0.000677,0.000730,0.000665,0.000730,191,143852
Feb 24 2016,0.000665,0.000714,0.000662,0.000677,298,141276
Feb 23 2016,0.000705,0.000731,0.000658,0.000665,189,149839
Feb 22 2016,0.000720,0.000750,0.000701,0.000704,119,152958
Feb 21 2016,0.000704,0.000755,0.000703,0.000720,63,149473
Feb 20 2016,0.000709,0.000727,0.000677,0.000706,196,150554
Feb 19 2016,0.000728,0.000759,0.000668,0.000709,178,154553
Feb 18 2016,0.000735,0.000770,0.000706,0.000728,96,156188
Feb 17 2016,0.000754,0.000816,0.000734,0.000735,498,160088
Feb 16 2016,0.000706,0.000755,0.000653,0.000754,443,149869
Feb 15 2016,0.000739,0.000780,0.000683,0.000706,429,156921
Feb 14 2016,0.000684,0.000782,0.000684,0.000739,422,145329
Feb 13 2016,0.000698,0.000721,0.000648,0.000683,736,148261
Feb 12 2016,0.000612,0.000698,0.000591,0.000698,665,130050
Feb 11 2016,0.000639,0.000661,0.000572,0.000612,233,135719
Feb 10 2016,0.000618,0.000648,0.000610,0.000639,147,131219
Feb 09 2016,0.000582,0.000641,0.000582,0.000618,514,123657
Feb 08 2016,0.000654,0.000655,0.000571,0.000582,274,138954
Feb 07 2016,0.000635,0.000674,0.000611,0.000654,702,134707
Feb 06 2016,0.000592,0.000634,0.000584,0.000634,263,125718
Feb 05 2016,0.000581,0.000645,0.000579,0.000592,586,123435
Feb 04 2016,0.000490,0.000596,0.000490,0.000581,175,103969
Feb 03 2016,0.000499,0.000499,0.000467,0.000490,123,105909
Feb 02 2016,0.000482,0.000507,0.000457,0.000499,131,102405
Feb 01 2016,0.000557,0.000568,0.000400,0.000482,523,118185
Jan 31 2016,0.000563,0.000572,0.000555,0.000557,87,119563
Jan 30 2016,0.000547,0.000568,0.000516,0.000563,450,116187
Jan 29 2016,0.000568,0.000576,0.000514,0.000548,162,120481
Jan 28 2016,0.000562,0.000611,0.000527,0.000566,674,119333
Jan 27 2016,0.000528,0.000603,0.000494,0.000562,995,111982
Jan 26 2016,0.000419,0.000733,0.000388,0.000528,1767,89010
Jan 25 2016,0.000367,0.000420,0.000339,0.000420,874,77793
Jan 24 2016,0.000436,0.000456,0.000355,0.000367,805,92577
Jan 23 2016,0.000421,0.000463,0.000403,0.000438,309,89359
Jan 22 2016,0.000418,0.000445,0.000386,0.000421,355,88732
Jan 21 2016,0.000469,0.000474,0.000388,0.000417,223,99564
Jan 20 2016,0.000418,0.000505,0.000410,0.000471,321,88792
Jan 19 2016,0.000443,0.000468,0.000419,0.000419,359,93910
Jan 18 2016,0.000441,0.000456,0.000403,0.000442,452,93602
Jan 17 2016,0.000460,0.000467,0.000395,0.000442,685,97489
Jan 16 2016,0.000456,0.000475,0.000422,0.000460,330,96683
Jan 15 2016,0.000524,0.000533,0.000457,0.000457,166,111251
Jan 14 2016,0.000528,0.000540,0.000523,0.000524,88,111994
Jan 13 2016,0.000560,0.000560,0.000514,0.000528,179,118847
Jan 12 2016,0.000565,0.000584,0.000548,0.000565,198,119866
Jan 11 2016,0.000594,0.000597,0.000512,0.000565,625,125966
Jan 10 2016,0.000616,0.000661,0.000554,0.000593,278,130679
Jan 09 2016,0.000615,0.000688,0.000563,0.000616,155,130416
Jan 08 2016,0.000595,0.000657,0.000574,0.000615,314,126282
Jan 07 2016,0.000573,0.000630,0.000573,0.000596,272,121442
Jan 06 2016,0.000600,0.000625,0.000558,0.000574,294,127235
Jan 05 2016,0.000688,0.000732,0.000577,0.000600,156,145998
Jan 04 2016,0.000673,0.000835,0.000656,0.000731,1501,142683
Jan 03 2016,0.000666,0.000755,0.000613,0.000673,891,141175
Jan 02 2016,0.000687,0.000790,0.000673,0.000683,2329,145634
Jan 01 2016,0.000590,0.000786,0.000590,0.000747,2550,125021
Dec 31 2015,0.000531,0.000701,0.000521,0.000597,1273,112643
Dec 30 2015,0.000599,0.000667,0.000524,0.000532,624,127029
Dec 29 2015,0.000584,0.000607,0.000536,0.000600,75,123890
Dec 28 2015,0.000523,0.000597,0.000471,0.000584,477,110965
Dec 27 2015,0.000609,0.000611,0.000510,0.000537,523,129010
Dec 26 2015,0.000583,0.000651,0.000564,0.000609,274,123677
Dec 25 2015,0.000583,0.000642,0.000566,0.000583,816,123683
Dec 24 2015,0.000609,0.000640,0.000582,0.000583,347,129119
Dec 23 2015,0.000622,0.000644,0.000571,0.000609,585,131774
Dec 22 2015,0.000620,0.000656,0.000562,0.000625,591,131351
Dec 21 2015,0.000631,0.000656,0.000523,0.000620,273,133777
Dec 20 2015,0.000610,0.000675,0.000590,0.000631,125,129375
Dec 19 2015,0.000647,0.000670,0.000608,0.000615,438,137042
Dec 18 2015,0.000628,0.000674,0.000598,0.000647,555,133095
Dec 17 2015,0.000666,0.000672,0.000611,0.000628,511,141099
Dec 16 2015,0.000672,0.000744,0.000638,0.000666,830,142440
Dec 15 2015,0.000606,0.000704,0.000602,0.000671,642,128415
Dec 14 2015,0.000635,0.000636,0.000579,0.000606,249,134471
Dec 13 2015,0.000596,0.000636,0.000561,0.000636,608,126364
Dec 12 2015,0.000598,0.000612,0.000540,0.000598,383,126707
Dec 11 2015,0.000564,0.000600,0.000540,0.000596,245,119442
Dec 10 2015,0.000528,0.000571,0.000513,0.000564,266,111792
Dec 09 2015,0.000539,0.000557,0.000516,0.000527,286,114148
Dec 08 2015,0.000527,0.000551,0.000485,0.000537,263,111621
Dec 07 2015,0.000530,0.000541,0.000497,0.000527,107,112183
Dec 06 2015,0.000513,0.000591,0.000513,0.000533,56,108753
Dec 05 2015,0.000490,0.000537,0.000486,0.000513,393,103883
Dec 04 2015,0.000470,0.000490,0.000461,0.000490,257,99566
Dec 03 2015,0.000486,0.000536,0.000461,0.000470,180,103025
Dec 02 2015,0.000477,0.000524,0.000456,0.000486,205,100972
Dec 01 2015,0.000547,0.000574,0.000470,0.000477,298,115845
Nov 30 2015,0.000510,0.000570,0.000476,0.000561,646,108096
Nov 29 2015,0.000502,0.000533,0.000430,0.000511,1075,106254
Nov 28 2015,0.000548,0.000548,0.000495,0.000501,456,116073
Nov 27 2015,0.000552,0.000568,0.000534,0.000549,956,117000
Nov 26 2015,0.000515,0.000586,0.000515,0.000556,264,109036
Nov 25 2015,0.000502,0.000531,0.000494,0.000515,110,106268
Nov 24 2015,0.000495,0.000523,0.000493,0.000502,132,104738
Nov 23 2015,0.000513,0.000539,0.000493,0.000495,269,108640
Nov 22 2015,0.000554,0.000559,0.000506,0.000513,292,117211
Nov 21 2015,0.000573,0.000574,0.000523,0.000557,106,121254
Nov 20 2015,0.000496,0.000577,0.000490,0.000573,353,105069
Nov 19 2015,0.000520,0.000536,0.000492,0.000531,1219,110153
Nov 18 2015,0.000534,0.000537,0.000516,0.000520,44,113054
Nov 17 2015,0.000521,0.000537,0.000506,0.000534,117,110350
Nov 16 2015,0.000517,0.000531,0.000502,0.000521,209,109529
Nov 15 2015,0.000526,0.000560,0.000491,0.000520,754,111291
Nov 14 2015,0.000574,0.000628,0.000490,0.000531,1245,121536
Nov 13 2015,0.000647,0.000704,0.000573,0.000573,814,136874
Nov 12 2015,0.000526,0.000640,0.000526,0.000640,727,111375
Nov 11 2015,0.000542,0.000547,0.000484,0.000526,253,114734
Nov 10 2015,0.000661,0.000664,0.000524,0.000538,479,139859
Nov 09 2015,0.000682,0.000684,0.000629,0.000663,132,144358
Nov 08 2015,0.000682,0.000734,0.000647,0.000680,305,144423
Nov 07 2015,0.000699,0.000755,0.000678,0.000683,137,148018
Nov 06 2015,0.000667,0.000764,0.000607,0.000698,735,141078
Nov 05 2015,0.000634,0.000714,0.000582,0.000662,420,134145
Nov 04 2015,0.000734,0.000786,0.000578,0.000614,442,155277
Nov 03 2015,0.000701,0.000799,0.000640,0.000729,1346,148272
Nov 02 2015,0.000670,0.000731,0.000648,0.000700,263,141771
Nov 01 2015,0.000645,0.000676,0.000624,0.000669,213,136403
Oct 31 2015,0.000686,0.000693,0.000629,0.000644,322,145101
Oct 30 2015,0.000697,0.000735,0.000631,0.000686,329,147426
Oct 29 2015,0.000715,0.000715,0.000647,0.000697,501,151367
Oct 28 2015,0.000706,0.000732,0.000655,0.000716,227,149410
Oct 27 2015,0.000666,0.000736,0.000665,0.000706,167,140856
Oct 26 2015,0.000667,0.000707,0.000651,0.000666,449,141103
Oct 25 2015,0.000701,0.000758,0.000664,0.000666,494,148318
Oct 24 2015,0.000673,0.000701,0.000667,0.000701,121,142447
Oct 23 2015,0.000707,0.000723,0.000667,0.000673,91,149570
Oct 22 2015,0.000669,0.000726,0.000669,0.000709,96,141502
Oct 21 2015,0.000699,0.000748,0.000658,0.000669,676,147971
Oct 20 2015,0.000838,0.000838,0.000667,0.000699,586,177284
Oct 19 2015,0.000725,0.000838,0.000691,0.000838,166,153474
Oct 18 2015,0.000760,0.000782,0.000699,0.000726,64,160777
Oct 17 2015,0.000750,0.000809,0.000699,0.000761,295,158661
Oct 16 2015,0.000720,0.000752,0.000682,0.000749,213,152297
Oct 15 2015,0.000676,0.000734,0.000674,0.000720,117,142921
Oct 14 2015,0.000722,0.000730,0.000676,0.000676,36,152816
Oct 13 2015,0.000674,0.000723,0.000630,0.000722,71,142647
Oct 12 2015,0.000721,0.000721,0.000639,0.000674,91,152568
Oct 11 2015,0.000701,0.000739,0.000635,0.000722,456,148217
Oct 10 2015,0.000627,0.000726,0.000622,0.000701,498,132606
Oct 09 2015,0.000689,0.000694,0.000601,0.000627,1134,145794
Oct 08 2015,0.000721,0.000722,0.000622,0.000690,955,152482
Oct 07 2015,0.000782,0.000789,0.000694,0.000721,637,165474
Oct 06 2015,0.000806,0.000815,0.000709,0.000786,400,170430
Oct 05 2015,0.000829,0.000831,0.000779,0.000805,268,175324
Oct 04 2015,0.000875,0.000875,0.000812,0.000829,332,185042
Oct 03 2015,0.000854,0.000870,0.000832,0.000855,156,180635
Oct 02 2015,0.000849,0.000861,0.000818,0.000854,1399,179623
Oct 01 2015,0.000850,0.000860,0.000845,0.000858,144,179775
Sep 30 2015,0.000892,0.000895,0.000849,0.000850,336,188652
Sep 29 2015,0.000904,0.000909,0.000880,0.000892,2073,191171
Sep 28 2015,0.000895,0.000917,0.000877,0.000904,1861,189338
Sep 27 2015,0.000905,0.000924,0.000872,0.000895,3240,191402
Sep 26 2015,0.000932,0.000938,0.000895,0.000905,527,197142
Sep 25 2015,0.000867,0.000937,0.000854,0.000910,2821,183219
Sep 24 2015,0.000918,0.000929,0.000821,0.000867,1440,194089
Sep 23 2015,0.000888,0.000954,0.000878,0.000923,1419,187750
Sep 22 2015,0.000889,0.000920,0.000851,0.000888,1738,187918
Sep 21 2015,0.000918,0.000923,0.000883,0.000888,47,194007
Sep 20 2015,0.000935,0.000938,0.000879,0.000914,79,197631
Sep 19 2015,0.000953,0.000954,0.000888,0.000936,548,201389
Sep 18 2015,0.000925,0.000949,0.000908,0.000940,419,195558
Sep 17 2015,0.000956,0.000974,0.000900,0.000925,522,202163
Sep 16 2015,0.000938,0.000968,0.000889,0.000956,214,198219
Sep 15 2015,0.000968,0.001035,0.000912,0.000938,187,204511
Sep 14 2015,0.000948,0.000975,0.000898,0.000968,428,200392
Sep 13 2015,0.000955,0.000963,0.000940,0.000949,2109,201798
Sep 12 2015,0.000991,0.000998,0.000937,0.000955,451,209434
Sep 11 2015,0.000975,0.001015,0.000965,0.000991,264,206030
Sep 10 2015,0.001019,0.001041,0.000959,0.000966,425,215334
Sep 09 2015,0.001026,0.001067,0.000982,0.000999,141,216881
Sep 08 2015,0.000969,0.001044,0.000969,0.001033,110,204766
Sep 07 2015,0.000960,0.001006,0.000960,0.000970,364,202815
Sep 06 2015,0.000956,0.001047,0.000945,0.000960,163,202027
Sep 05 2015,0.000971,0.000978,0.000913,0.000956,658,205257
Sep 04 2015,0.000963,0.000983,0.000927,0.000972,847,203443
Sep 03 2015,0.001031,0.001035,0.000946,0.000963,324,217808
Sep 02 2015,0.001003,0.001084,0.000993,0.001031,468,211922
Sep 01 2015,0.001088,0.001096,0.000950,0.001009,863,230003
Aug 31 2015,0.001040,0.001095,0.000997,0.001089,251,219687
Aug 30 2015,0.001087,0.001115,0.000998,0.001038,165,229798
Aug 29 2015,0.001116,0.001136,0.001066,0.001087,203,235926
Aug 28 2015,0.001082,0.001138,0.001058,0.001117,184,228621
Aug 27 2015,0.001107,0.001116,0.001063,0.001081,128,233837
Aug 26 2015,0.001134,0.001188,0.001083,0.001107,2014,239627
Aug 25 2015,0.000971,0.001153,0.000924,0.001134,1496,205101
Aug 24 2015,0.000994,0.001054,0.000942,0.000975,368,209892
Aug 23 2015,0.000960,0.001004,0.000937,0.000995,312,202480
Aug 22 2015,0.000991,0.000993,0.000886,0.000960,225,209142
Aug 21 2015,0.000987,0.001038,0.000949,0.000992,371,208262
Aug 20 2015,0.001298,0.001313,0.000943,0.000987,564,273793
Aug 19 2015,0.000910,0.001313,0.000866,0.001298,5189,191954
Aug 18 2015,0.001094,0.001166,0.000919,0.000919,167,230916
Aug 17 2015,0.001113,0.001222,0.001072,0.001094,696,234800
Aug 16 2015,0.001172,0.001189,0.001086,0.001113,60,247315
Aug 15 2015,0.001135,0.001276,0.001117,0.001172,113,239464
Aug 14 2015,0.001092,0.001184,0.001077,0.001136,231,230334
Aug 13 2015,0.001100,0.001180,0.001092,0.001092,177,232086
Aug 12 2015,0.001163,0.001232,0.001100,0.001100,770,245320
Aug 11 2015,0.001146,0.001277,0.001100,0.001214,618,241731
Aug 10 2015,0.001315,0.001331,0.001163,0.001224,1247,277381
Aug 09 2015,0.001263,0.001318,0.001248,0.001315,239,266404
Aug 08 2015,0.001392,0.001397,0.001246,0.001262,731,293438
Aug 07 2015,0.001398,0.001417,0.001379,0.001391,244,294613
Aug 06 2015,0.001421,0.001422,0.001380,0.001398,1257,299601
Aug 05 2015,0.001447,0.001467,0.001395,0.001421,256,304858
Aug 04 2015,0.001422,0.001457,0.001405,0.001447,277,299682
Aug 03 2015,0.001428,0.001440,0.001403,0.001424,900,300764
Aug 02 2015,0.001442,0.001442,0.001400,0.001428,197,303717
Aug 01 2015,0.001444,0.001455,0.001382,0.001444,847,304108
Jul 31 2015,0.001468,0.001468,0.001427,0.001441,259,308854
Jul 30 2015,0.001454,0.001469,0.001408,0.001469,423,305890
Jul 29 2015,0.001580,0.001639,0.001445,0.001454,1302,332243
Jul 28 2015,0.001506,0.001592,0.001472,0.001580,1007,316657
Jul 27 2015,0.001461,0.001551,0.001442,0.001507,1271,306842
Jul 26 2015,0.001510,0.001544,0.001458,0.001460,1400,317112
Jul 25 2015,0.001593,0.001593,0.001457,0.001510,2407,334382
Jul 24 2015,0.001455,0.001613,0.001419,0.001595,3793,305319
Jul 23 2015,0.001376,0.001560,0.001376,0.001455,5559,288540
Jul 22 2015,0.001403,0.001480,0.001351,0.001382,1634,294148
Jul 21 2015,0.001415,0.001483,0.001380,0.001405,1317,296451
Jul 20 2015,0.001420,0.001479,0.001279,0.001412,3307,297427
Jul 19 2015,0.001440,0.001452,0.001403,0.001419,456,301449
Jul 18 2015,0.001448,0.001478,0.001393,0.001439,801,302878
Jul 17 2015,0.001413,0.001467,0.001394,0.001448,648,295570
Jul 16 2015,0.001463,0.001498,0.001383,0.001404,758,305832
Jul 15 2015,0.001583,0.001601,0.001435,0.001464,4360,330736
Jul 14 2015,0.001588,0.001701,0.001562,0.001587,5650,331535
Jul 13 2015,0.001598,0.001604,0.001432,0.001589,3187,333578
Jul 12 2015,0.001480,0.001605,0.001474,0.001599,1333,308671
Jul 11 2015,0.001431,0.001526,0.001427,0.001479,1566,298290
Jul 10 2015,0.001327,0.001472,0.001323,0.001432,1091,276487
Jul 09 2015,0.001306,0.001351,0.001263,0.001328,647,271973
Jul 08 2015,0.001286,0.001326,0.001273,0.001305,574,267597
Jul 07 2015,0.001315,0.001349,0.001224,0.001288,986,273664
Jul 06 2015,0.001307,0.001342,0.001290,0.001331,914,271792
Jul 05 2015,0.001302,0.001368,0.001270,0.001307,1413,270604
Jul 04 2015,0.001321,0.001383,0.001216,0.001303,2020,274483
Jul 03 2015,0.001350,0.001387,0.001287,0.001321,1394,280224
Jul 02 2015,0.001372,0.001440,0.001319,0.001350,1588,284756
Jul 01 2015,0.001408,0.001453,0.001355,0.001372,591,292017
Jun 30 2015,0.001422,0.001448,0.001355,0.001409,2512,294781
Jun 29 2015,0.001368,0.001429,0.001365,0.001406,1186,283449
Jun 28 2015,0.001395,0.001410,0.001360,0.001371,663,288869
Jun 27 2015,0.001418,0.001418,0.001330,0.001395,436,293497
Jun 26 2015,0.001346,0.001447,0.001323,0.001341,1097,278470
Jun 25 2015,0.001390,0.001394,0.001311,0.001345,1117,287609
Jun 24 2015,0.001373,0.001414,0.001360,0.001391,1135,283876
Jun 23 2015,0.001399,0.001415,0.001326,0.001374,2719,289123
Jun 22 2015,0.001369,0.001488,0.001369,0.001399,2463,282856
Jun 21 2015,0.001416,0.001419,0.001365,0.001369,533,292277
Jun 20 2015,0.001462,0.001475,0.001363,0.001416,1317,301726
Jun 19 2015,0.001499,0.001512,0.001425,0.001462,1748,309168
Jun 18 2015,0.001516,0.001533,0.001428,0.001498,3401,312507
Jun 17 2015,0.001657,0.001697,0.001504,0.001514,6454,341440
Jun 16 2015,0.001479,0.001685,0.001461,0.001654,6190,304653
Jun 15 2015,0.001427,0.001487,0.001423,0.001478,3072,293778
Jun 14 2015,0.001405,0.001441,0.001375,0.001427,3678,288911
Jun 13 2015,0.001345,0.001405,0.001335,0.001404,1523,276309
Jun 12 2015,0.001257,0.001397,0.001193,0.001344,4693,257942
Jun 11 2015,0.001369,0.001394,0.001237,0.001255,4714,280713
Jun 10 2015,0.001189,0.001421,0.001166,0.001368,7901,243642
Jun 09 2015,0.001175,0.001218,0.001154,0.001189,2656,240428
Jun 08 2015,0.001239,0.001282,0.001136,0.001175,2523,253376
Jun 07 2015,0.001266,0.001300,0.001113,0.001242,3312,258636
Jun 06 2015,0.001280,0.001293,0.001243,0.001266,852,261273
Jun 05 2015,0.001325,0.001380,0.001214,0.001288,4933,270186
Jun 04 2015,0.001247,0.001315,0.001167,0.001314,3608,254156
Jun 03 2015,0.001120,0.001247,0.001075,0.001247,5071,228002
Jun 02 2015,0.001052,0.001139,0.001024,0.001120,1161,214017
Jun 01 2015,0.001014,0.001154,0.000994,0.001052,4250,206043
May 31 2015,0.001025,0.001092,0.001002,0.001013,2443,208170
May 30 2015,0.001032,0.001124,0.000924,0.001072,4660,209386
May 29 2015,0.000945,0.001043,0.000925,0.001032,2615,191461
May 28 2015,0.000835,0.000949,0.000833,0.000944,4409,169096
May 27 2015,0.000799,0.000837,0.000789,0.000837,627,161726
May 26 2015,0.000788,0.000832,0.000786,0.000800,353,159267
May 25 2015,0.000809,0.000822,0.000784,0.000787,507,163479
May 24 2015,0.000779,0.000857,0.000773,0.000809,1624,157306
May 23 2015,0.000756,0.000834,0.000751,0.000779,1425,152442
May 22 2015,0.000764,0.000799,0.000755,0.000765,1035,154070
May 21 2015,0.000738,0.000809,0.000730,0.000764,558,148579
May 20 2015,0.000765,0.000799,0.000736,0.000737,1106,153945
May 19 2015,0.000762,0.000783,0.000714,0.000763,632,153172
May 18 2015,0.000753,0.000790,0.000706,0.000761,859,151228
May 17 2015,0.000765,0.000786,0.000725,0.000761,682,153639
May 16 2015,0.000773,0.000775,0.000757,0.000766,267,154946
May 15 2015,0.000772,0.000811,0.000754,0.000777,1245,154750
May 14 2015,0.000739,0.000787,0.000739,0.000772,622,147919
May 13 2015,0.000743,0.000791,0.000734,0.000739,546,148527
May 12 2015,0.000759,0.000827,0.000728,0.000744,1699,151601
May 11 2015,0.000748,0.000822,0.000686,0.000758,1879,149388
May 10 2015,0.000784,0.000839,0.000748,0.000749,1791,156383
May 09 2015,0.000852,0.000867,0.000784,0.000785,156,169743
May 08 2015,0.000898,0.000898,0.000825,0.000854,498,178739
May 07 2015,0.000813,0.000897,0.000775,0.000897,2868,161740
May 06 2015,0.000872,0.000901,0.000811,0.000812,718,173284
May 05 2015,0.000866,0.000880,0.000816,0.000872,979,171929
May 04 2015,0.000789,0.000887,0.000787,0.000864,3616,156521
May 03 2015,0.000787,0.000852,0.000770,0.000787,615,155939
May 02 2015,0.000794,0.000814,0.000787,0.000787,613,157203
May 01 2015,0.000844,0.000851,0.000786,0.000794,535,166966
Apr 30 2015,0.000789,0.000868,0.000755,0.000844,2655,155889
Apr 29 2015,0.000769,0.000822,0.000769,0.000793,512,146245
Apr 28 2015,0.000800,0.000804,0.000768,0.000768,733,152099
Apr 27 2015,0.000793,0.000817,0.000768,0.000799,1564,150806
Apr 26 2015,0.000791,0.000809,0.000755,0.000797,860,150551
Apr 25 2015,0.000867,0.000887,0.000789,0.000797,1673,164860
Apr 24 2015,0.000827,0.000914,0.000808,0.000868,2239,157256
Apr 23 2015,0.000878,0.000930,0.000794,0.000838,6220,167044
Apr 22 2015,0.000877,0.000976,0.000692,0.000877,9464,166909
Apr 21 2015,0.000947,0.000955,0.000857,0.000874,6021,180125
Apr 20 2015,0.001064,0.001064,0.000922,0.000947,4779,202476
Apr 19 2015,0.001047,0.001130,0.000963,0.001053,5303,199111
Apr 18 2015,0.001071,0.001088,0.001028,0.001047,2999,203775
Apr 17 2015,0.001114,0.001121,0.001055,0.001072,3240,212001
Apr 16 2015,0.001073,0.001151,0.001058,0.001115,6761,204192
Apr 15 2015,0.001028,0.001076,0.001020,0.001073,1812,195647
Apr 14 2015,0.001084,0.001098,0.001002,0.001028,3283,206157
Apr 13 2015,0.001164,0.001194,0.001065,0.001085,1991,221486
Apr 12 2015,0.001159,0.001184,0.001132,0.001154,1081,220398
Apr 11 2015,0.001124,0.001205,0.001118,0.001159,2953,213747
Apr 10 2015,0.001113,0.001204,0.001055,0.001123,3383,211796
Apr 09 2015,0.001150,0.001256,0.001096,0.001114,2800,218785
Apr 08 2015,0.001169,0.001206,0.001116,0.001152,4301,222458
Apr 07 2015,0.001184,0.001207,0.001105,0.001164,7635,225175
Apr 06 2015,0.001212,0.001242,0.001131,0.001184,2628,230526
Apr 05 2015,0.001169,0.001236,0.001152,0.001211,1809,222342
Apr 04 2015,0.001193,0.001206,0.001137,0.001169,1514,226862
Apr 03 2015,0.001072,0.001193,0.001070,0.001193,1745,203867
Apr 02 2015,0.001092,0.001092,0.001038,0.001072,1944,207772
Apr 01 2015,0.001099,0.001130,0.001064,0.001096,1435,209144
Mar 31 2015,0.001065,0.001130,0.001051,0.001099,4255,202566
Mar 30 2015,0.001169,0.001216,0.001065,0.001065,2182,222338
Mar 29 2015,0.001119,0.001285,0.001086,0.001168,2319,212960
Mar 28 2015,0.001171,0.001225,0.001102,0.001120,2316,222854
Mar 27 2015,0.001096,0.001221,0.001080,0.001172,2407,208565
Mar 26 2015,0.001182,0.001209,0.001092,0.001100,975,224916
Mar 25 2015,0.001036,0.001270,0.001035,0.001182,4359,197171
Mar 24 2015,0.001251,0.001270,0.001034,0.001034,3999,237916
Mar 23 2015,0.001307,0.001369,0.001220,0.001250,3771,248681
Mar 22 2015,0.001248,0.001349,0.001248,0.001320,2219,237456
Mar 21 2015,0.001376,0.001379,0.001230,0.001263,5812,261560
Mar 20 2015,0.001400,0.001427,0.001363,0.001363,1713,265913
Mar 19 2015,0.001338,0.001430,0.001247,0.001399,1893,253927
Mar 18 2015,0.001548,0.001548,0.001326,0.001341,3811,293582
Mar 17 2015,0.001622,0.001634,0.001494,0.001547,2803,307443
Mar 16 2015,0.001591,0.001688,0.001581,0.001622,2469,301282
Mar 15 2015,0.001702,0.001707,0.001587,0.001587,3260,321951
Mar 14 2015,0.001638,0.001720,0.001620,0.001704,2426,309663
Mar 13 2015,0.001697,0.001710,0.001646,0.001646,1283,320536
Mar 12 2015,0.001716,0.001739,0.001645,0.001699,3409,323870
Mar 11 2015,0.001667,0.001783,0.001666,0.001717,3122,314296
Mar 10 2015,0.001691,0.001757,0.001637,0.001667,1686,318414
Mar 09 2015,0.001519,0.001721,0.001493,0.001692,3923,285788
Mar 08 2015,0.001579,0.001641,0.001481,0.001519,2820,296780
Mar 07 2015,0.001555,0.001627,0.001477,0.001579,2803,291941
Mar 06 2015,0.001531,0.001617,0.001437,0.001555,1550,287122
Mar 05 2015,0.001516,0.001661,0.001480,0.001530,3663,283944
Mar 04 2015,0.001507,0.001651,0.001480,0.001518,1866,281989
Mar 03 2015,0.001533,0.001634,0.001438,0.001531,1935,286520
Mar 02 2015,0.001406,0.001544,0.001327,0.001533,3483,262600
Mar 01 2015,0.001530,0.001538,0.001301,0.001407,3517,285460
Feb 28 2015,0.001706,0.001734,0.001404,0.001531,4799,317861
Feb 27 2015,0.001574,0.001824,0.001555,0.001734,9694,292946
Feb 26 2015,0.001430,0.001721,0.001421,0.001579,8279,265912
Feb 25 2015,0.001228,0.001547,0.001228,0.001429,12805,228200
Feb 24 2015,0.001244,0.001290,0.001213,0.001229,1824,230928
Feb 23 2015,0.001182,0.001305,0.001157,0.001243,2187,219098
Feb 22 2015,0.001233,0.001256,0.001154,0.001183,1245,228274
Feb 21 2015,0.001236,0.001301,0.001214,0.001232,649,228575
Feb 20 2015,0.001180,0.001260,0.001166,0.001238,1693,218045
Feb 19 2015,0.001182,0.001221,0.001156,0.001182,2973,218197
Feb 18 2015,0.001214,0.001310,0.001165,0.001184,668,223848
Feb 17 2015,0.001211,0.001300,0.001151,0.001211,2298,222989
Feb 16 2015,0.001180,0.001257,0.001099,0.001210,4956,217159
Feb 15 2015,0.001285,0.001334,0.001094,0.001175,3019,236245
Feb 14 2015,0.001339,0.001377,0.001271,0.001287,2144,245923
Feb 13 2015,0.001227,0.001340,0.001227,0.001340,894,225111
Feb 12 2015,0.001369,0.001374,0.001193,0.001226,3446,250928
Feb 11 2015,0.001294,0.001373,0.001281,0.001373,1979,236954
Feb 10 2015,0.001271,0.001324,0.001261,0.001295,1768,232584
Feb 09 2015,0.001232,0.001340,0.001174,0.001273,3108,225098
Feb 08 2015,0.001375,0.001454,0.001208,0.001231,3942,251148
Feb 07 2015,0.001193,0.001449,0.001127,0.001368,4001,217647
Feb 06 2015,0.001196,0.001267,0.001168,0.001193,641,217887
Feb 05 2015,0.001374,0.001420,0.001190,0.001207,1251,250103
Feb 04 2015,0.001426,0.001456,0.001335,0.001370,1112,259457
Feb 03 2015,0.001538,0.001898,0.001384,0.001426,3378,279387
Feb 02 2015,0.001447,0.001576,0.001384,0.001521,3719,262665
Feb 01 2015,0.001441,0.001536,0.001404,0.001460,3275,261320
Jan 31 2015,0.001440,0.001530,0.001419,0.001445,3821,260834
Jan 30 2015,0.001490,0.001538,0.001423,0.001440,1063,269584
Jan 29 2015,0.001496,0.001554,0.001392,0.001495,1347,270308
Jan 28 2015,0.001708,0.001751,0.001479,0.001499,2087,308432
Jan 27 2015,0.001623,0.001720,0.001512,0.001709,4458,292746
Jan 26 2015,0.001651,0.001979,0.001590,0.001625,5626,297380
Jan 25 2015,0.001629,0.001741,0.001472,0.001704,7733,293260
Jan 24 2015,0.001661,0.001703,0.001545,0.001635,3902,298648
Jan 23 2015,0.001594,0.001669,0.001434,0.001662,4558,286373
Jan 22 2015,0.001624,0.001746,0.001517,0.001594,3575,291385
Jan 21 2015,0.001304,0.001671,0.001217,0.001608,11684,233761
Jan 20 2015,0.001213,0.001320,0.001163,0.001284,6001,217106
Jan 19 2015,0.001304,0.001363,0.001162,0.001222,4496,233267
Jan 18 2015,0.000802,0.001355,0.000783,0.001297,12862,143268
Jan 17 2015,0.000811,0.000879,0.000791,0.000799,2691,144771
Jan 16 2015,0.000884,0.000922,0.000764,0.000812,6165,157612
Jan 15 2015,0.000824,0.001047,0.000824,0.000887,2295,146840
Jan 14 2015,0.001112,0.001112,0.000799,0.000830,1839,197834
Jan 13 2015,0.001443,0.001446,0.001031,0.001121,4295,256582
Jan 12 2015,0.001456,0.001564,0.001287,0.001445,6976,258547
Jan 11 2015,0.001573,0.001798,0.001392,0.001453,2985,279063
Jan 10 2015,0.001973,0.001973,0.001210,0.001574,8287,349736
Jan 09 2015,0.001721,0.002040,0.001611,0.001955,12058,304759
Jan 08 2015,0.001288,0.002051,0.001214,0.001727,15895,227867
Jan 07 2015,0.001000,0.001282,0.000986,0.001282,2647,176761
Jan 06 2015,0.000940,0.001012,0.000922,0.001001,585,165994
Jan 05 2015,0.000886,0.000963,0.000886,0.000940,2116,156195
Jan 04 2015,0.000941,0.000963,0.000846,0.000883,1188,165426
Jan 03 2015,0.001066,0.001087,0.000940,0.000940,1433,187007
Jan 02 2015,0.001044,0.001144,0.001038,0.001069,1596,182788
Jan 01 2015,0.001067,0.001277,0.000994,0.001045,1935,186300
Dec 31 2014,0.000980,0.001090,0.000966,0.001066,1390,170798
Dec 30 2014,0.000952,0.001037,0.000951,0.000982,2466,165573
Dec 29 2014,0.000996,0.001019,0.000949,0.000953,1827,172880
Dec 28 2014,0.000968,0.001020,0.000953,0.000990,1141,167757
Dec 27 2014,0.001008,0.001021,0.000910,0.000954,1309,174442
Dec 26 2014,0.001075,0.001091,0.000980,0.001010,1902,185830
Dec 25 2014,0.001084,0.001115,0.000988,0.001074,984,186992
Dec 24 2014,0.001277,0.001350,0.000837,0.001078,6044,220060
Dec 23 2014,0.001344,0.001385,0.001137,0.001278,6279,231256
Dec 22 2014,0.000987,0.001375,0.000984,0.001347,8643,169591
Dec 21 2014,0.001214,0.001226,0.000956,0.000986,2124,208427
Dec 20 2014,0.001202,0.001295,0.001162,0.001219,896,205993
Dec 19 2014,0.001213,0.001240,0.001149,0.001205,1052,207570
Dec 18 2014,0.001218,0.001336,0.001147,0.001217,1674,208119
Dec 17 2014,0.001254,0.001276,0.001174,0.001218,2043,213905
Dec 16 2014,0.001372,0.001381,0.001232,0.001255,2048,233730
Dec 15 2014,0.001508,0.001512,0.001335,0.001371,1259,256423
Dec 14 2014,0.001387,0.001549,0.001384,0.001510,1341,235391
Dec 13 2014,0.001346,0.001503,0.001335,0.001388,1544,228187
Dec 12 2014,0.001293,0.001394,0.001292,0.001353,3465,219039
Dec 11 2014,0.001467,0.001516,0.001427,0.001480,587,248021
Dec 10 2014,0.001556,0.001647,0.001461,0.001476,1872,262710
Dec 09 2014,0.001656,0.001716,0.001526,0.001556,1856,279032
Dec 08 2014,0.001639,0.001855,0.001630,0.001656,1995,275920
Dec 07 2014,0.001686,0.001785,0.001612,0.001639,970,283613
Dec 06 2014,0.001614,0.001711,0.001589,0.001684,2061,271022
Dec 05 2014,0.001562,0.001700,0.001539,0.001611,1582,261851
Dec 04 2014,0.001674,0.001762,0.001543,0.001562,3304,280239
Dec 03 2014,0.001730,0.001759,0.001604,0.001671,2368,289189
Dec 02 2014,0.001765,0.001901,0.001728,0.001728,2460,294697
Dec 01 2014,0.001839,0.001901,0.001760,0.001765,1498,306546
Nov 30 2014,0.001865,0.002171,0.001835,0.001838,3551,310418
Nov 29 2014,0.001836,0.001960,0.001792,0.001865,982,305230
Nov 28 2014,0.001920,0.001994,0.001767,0.001840,3237,318868
Nov 27 2014,0.001837,0.001977,0.001715,0.001926,2082,304670
Nov 26 2014,0.001792,0.002191,0.001678,0.002068,5559,296798
Nov 25 2014,0.001820,0.002040,0.001643,0.001789,2109,300875
Nov 24 2014,0.001844,0.001874,0.001709,0.001820,1659,304291
Nov 23 2014,0.001794,0.001897,0.001766,0.001841,996,295520
Nov 22 2014,0.001817,0.001958,0.001746,0.001762,1309,298795
Nov 21 2014,0.001943,0.002636,0.001770,0.001813,2513,319063
Nov 20 2014,0.002137,0.002218,0.001797,0.001943,1530,350328
Nov 19 2014,0.002197,0.002237,0.002120,0.002138,771,359598
Nov 18 2014,0.002245,0.002336,0.002150,0.002188,1803,367018
Nov 17 2014,0.002230,0.002458,0.002204,0.002243,1576,364175
Nov 16 2014,0.002146,0.002313,0.002120,0.002228,1304,349950
Nov 15 2014,0.002498,0.003479,0.002056,0.002154,1482,406769
Nov 14 2014,0.002529,0.002750,0.002212,0.002487,1358,411344
Nov 13 2014,0.002703,0.003000,0.002461,0.002543,2987,439004
Nov 12 2014,0.002429,0.002802,0.002429,0.002689,2108,394042
Nov 11 2014,0.002420,0.002486,0.002376,0.002421,2440,391839
Nov 10 2014,0.002396,0.002526,0.002306,0.002430,2456,387500
Nov 09 2014,0.002213,0.002426,0.002203,0.002403,1543,357497
Nov 08 2014,0.002330,0.002371,0.002199,0.002214,2424,375920
Nov 07 2014,0.002458,0.002595,0.002329,0.002347,2457,396099
Nov 06 2014,0.002569,0.002651,0.002368,0.002459,2154,413313
Nov 05 2014,0.002258,0.003358,0.002221,0.002569,2419,362965
Nov 04 2014,0.002295,0.002356,0.002235,0.002257,1191,368341
Nov 03 2014,0.002296,0.002452,0.002286,0.002299,1809,368214
Nov 02 2014,0.002279,0.002347,0.002230,0.002299,1175,365129
Nov 01 2014,0.002544,0.002544,0.002231,0.002277,2274,407086
Oct 31 2014,0.002615,0.002628,0.002418,0.002541,1924,417944
Oct 30 2014,0.002647,0.002687,0.002541,0.002617,1643,422464
Oct 29 2014,0.002939,0.003067,0.002639,0.002643,2207,468573
Oct 28 2014,0.003180,0.003378,0.002915,0.002944,3428,506171
Oct 27 2014,0.003229,0.003537,0.002903,0.003188,3282,513105
Oct 26 2014,0.003346,0.003492,0.003126,0.003228,2682,531117
Oct 25 2014,0.003550,0.003745,0.003328,0.003344,1684,562862
Oct 24 2014,0.003453,0.003778,0.003351,0.003556,4177,546922
Oct 23 2014,0.003939,0.003939,0.003439,0.003454,2515,623134
Oct 22 2014,0.003782,0.004038,0.003594,0.003942,4379,597667
Oct 21 2014,0.003843,0.004013,0.003637,0.003785,5829,606857
Oct 20 2014,0.003705,0.006791,0.003476,0.003848,12106,584463
Oct 19 2014,0.004098,0.004385,0.003708,0.003708,3891,645425
Oct 18 2014,0.003466,0.005236,0.002757,0.004100,28320,545284
Oct 17 2014,0.003911,0.004212,0.003377,0.003464,4568,614569
Oct 16 2014,0.003812,0.003983,0.003179,0.003844,9435,597019
Oct 15 2014,0.002853,0.004159,0.002731,0.003736,14339,446712
Oct 14 2014,0.002361,0.003215,0.002358,0.002853,11596,369670
Oct 13 2014,0.002749,0.002763,0.002335,0.002353,3053,401692
Oct 12 2014,0.002979,0.003057,0.002562,0.002754,2434,435206
Oct 11 2014,0.002267,0.003340,0.002143,0.002976,19146,331214
Oct 10 2014,0.002118,0.002278,0.002041,0.002268,1513,309408
Oct 09 2014,0.002088,0.002249,0.002064,0.002120,1402,305046
Oct 08 2014,0.002055,0.002135,0.001926,0.002089,1837,300331
Oct 07 2014,0.002189,0.002228,0.002017,0.002054,3688,319775
Oct 06 2014,0.002354,0.002392,0.002022,0.002185,2051,343978
Oct 05 2014,0.002244,0.002341,0.001979,0.002164,1752,327869
Oct 04 2014,0.002581,0.002644,0.002244,0.002244,1356,377120
Oct 03 2014,0.002712,0.002735,0.002538,0.002577,1150,396195
Oct 02 2014,0.002802,0.002822,0.002692,0.002710,2371,409379
Oct 01 2014,0.002839,0.002912,0.002733,0.002815,2745,414796
Sep 30 2014,0.002705,0.002892,0.002681,0.002835,3572,395185
Sep 29 2014,0.002810,0.002911,0.002681,0.002700,6043,410561
Sep 28 2014,0.002884,0.002980,0.002774,0.002821,1845,421396
Sep 27 2014,0.002880,0.003038,0.002844,0.002885,2275,420875
Sep 26 2014,0.002982,0.003034,0.002792,0.002887,3696,435730
Sep 25 2014,0.002966,0.003061,0.002842,0.002983,5941,433369
Sep 24 2014,0.003093,0.003122,0.002920,0.002966,1988,451896
Sep 23 2014,0.002826,0.003245,0.002725,0.003092,4734,412942
Sep 22 2014,0.002842,0.002948,0.002821,0.002848,2972,415296
Sep 21 2014,0.003046,0.003105,0.002789,0.002840,1621,444997
Sep 20 2014,0.003095,0.003257,0.003030,0.003054,3059,452190
Sep 19 2014,0.003310,0.003442,0.003075,0.003096,4497,483661
Sep 18 2014,0.003622,0.003699,0.003250,0.003313,3078,529200
Sep 17 2014,0.003771,0.003876,0.003536,0.003626,5020,550932
Sep 16 2014,0.003863,0.003997,0.003644,0.003772,3926,564408
Sep 15 2014,0.003751,0.003867,0.003729,0.003867,3202,548123
Sep 14 2014,0.003961,0.004149,0.003718,0.003752,5682,578743
Sep 13 2014,0.004327,0.004352,0.003894,0.003960,6909,632162
Sep 12 2014,0.003963,0.004488,0.003963,0.004326,8054,579117
Sep 11 2014,0.003791,0.004063,0.003791,0.003965,3364,553905
Sep 10 2014,0.003788,0.003995,0.003748,0.003789,4295,553509
Sep 09 2014,0.003759,0.003885,0.003613,0.003786,5613,549202
Sep 08 2014,0.003736,0.003796,0.003610,0.003733,2633,545837
Sep 07 2014,0.003831,0.003961,0.003721,0.003739,4498,559750
Sep 06 2014,0.003811,0.004092,0.003789,0.003829,2909,556792
Sep 05 2014,0.003840,0.004291,0.003710,0.003810,5494,561031
Sep 04 2014,0.003775,0.003945,0.003468,0.003840,3971,551633
Sep 03 2014,0.003735,0.003893,0.003499,0.003775,4141,545677
Sep 02 2014,0.003992,0.004027,0.003413,0.003739,5245,583334
Sep 01 2014,0.004188,0.004356,0.003999,0.004017,3708,611572
Aug 31 2014,0.004362,0.004405,0.004144,0.004218,2417,636011
Aug 30 2014,0.004582,0.004638,0.004334,0.004374,1863,666981
Aug 29 2014,0.004706,0.004897,0.004428,0.004582,2952,683782
Aug 28 2014,0.004803,0.004982,0.004428,0.004716,3113,696768
Aug 27 2014,0.004957,0.005639,0.004642,0.004806,5665,717877
Aug 26 2014,0.004292,0.005328,0.004292,0.004951,6613,620559
Aug 25 2014,0.004529,0.004537,0.004281,0.004292,3942,653568
Aug 24 2014,0.004371,0.004589,0.004318,0.004530,3165,629357
Aug 23 2014,0.004662,0.004776,0.004304,0.004369,3695,670072
Aug 22 2014,0.004864,0.004957,0.004665,0.004668,3283,697821
Aug 21 2014,0.004687,0.005112,0.004687,0.004912,4166,671129
Aug 20 2014,0.004045,0.004856,0.003948,0.004698,3737,578120
Aug 19 2014,0.004370,0.004720,0.003997,0.004053,6417,623447
Aug 18 2014,0.004398,0.004464,0.003755,0.004370,7348,626298
Aug 17 2014,0.004759,0.005198,0.004343,0.004401,6139,676276
Aug 16 2014,0.004496,0.005043,0.004448,0.004764,8434,637581
Aug 15 2014,0.004903,0.005221,0.004402,0.004489,8022,693873
Aug 14 2014,0.004885,0.005217,0.004367,0.004822,10173,689932
Aug 13 2014,0.004888,0.005153,0.004406,0.004904,8923,688830
Aug 12 2014,0.004769,0.005518,0.004572,0.004902,9760,670638
Aug 11 2014,0.005588,0.005593,0.004107,0.004768,16422,783812
Aug 10 2014,0.006095,0.006097,0.005549,0.005585,6380,852980
Aug 09 2014,0.006199,0.006287,0.005419,0.005706,10403,865246
Aug 08 2014,0.005666,0.006325,0.005524,0.006200,9006,789005
Aug 07 2014,0.006167,0.006281,0.005499,0.005666,9842,856441
Aug 06 2014,0.006138,0.006595,0.005914,0.006167,7198,850255
Aug 05 2014,0.006408,0.007027,0.006107,0.006202,6903,885825
Aug 04 2014,0.007301,0.007806,0.006374,0.006405,12526,1007020
Aug 03 2014,0.007680,0.008147,0.006801,0.007306,11127,1056890
Aug 02 2014,0.005825,0.008142,0.005733,0.007663,17661,799993
Aug 01 2014,0.005823,0.007106,0.005708,0.005835,7256,797967
Jul 31 2014,0.005275,0.006629,0.005171,0.005821,6413,720927
Jul 30 2014,0.005811,0.006260,0.005221,0.005225,7336,792439
Jul 29 2014,0.006687,0.006923,0.005778,0.005810,8141,910064
Jul 28 2014,0.006893,0.008145,0.006618,0.006910,8751,935752
Jul 27 2014,0.008303,0.008326,0.006646,0.007626,11650,1124440
Jul 26 2014,0.008337,0.008839,0.007048,0.007563,12694,1126450
Jul 25 2014,0.008585,0.009029,0.007788,0.008330,11265,1157200
Jul 24 2014,0.008816,0.010295,0.008309,0.008610,14997,1185460
Jul 23 2014,0.008772,0.009382,0.007860,0.008815,15602,1177060
Jul 22 2014,0.007328,0.008877,0.006849,0.008778,15875,981254
Jul 21 2014,0.008762,0.009187,0.007185,0.007327,13371,1170570
Jul 20 2014,0.009911,0.009983,0.008592,0.008797,9865,1320840
Jul 19 2014,0.009464,0.010355,0.009085,0.010353,11531,1258400
Jul 18 2014,0.009701,0.010189,0.009454,0.009458,9335,1286860
Jul 17 2014,0.010141,0.010144,0.009342,0.009713,9100,1342480
Jul 16 2014,0.010095,0.010357,0.009065,0.010146,13719,1333340
Jul 15 2014,0.010506,0.010808,0.009760,0.010088,8316,1384710
Jul 14 2014,0.010953,0.011787,0.010286,0.010494,13538,1440250
Jul 13 2014,0.010512,0.011310,0.010409,0.010952,11326,1379020
Jul 12 2014,0.010975,0.011226,0.010341,0.010559,7817,1436050
Jul 11 2014,0.010376,0.011043,0.010205,0.010977,9218,1354450
Jul 10 2014,0.010485,0.010692,0.010067,0.010513,8896,1365200
Jul 09 2014,0.010614,0.011458,0.010214,0.010355,15755,1378770
Jul 08 2014,0.009999,0.010789,0.009885,0.010607,10390,1295870
Jul 07 2014,0.011062,0.011564,0.009198,0.009688,6254,1430670
Jul 06 2014,0.010441,0.011502,0.010168,0.011068,1320,1347380
Jul 05 2014,0.011514,0.012115,0.009796,0.010825,34120,1482370
Jul 04 2014,0.011607,0.012889,0.011386,0.011470,8348,1491000
Jul 03 2014,0.013133,0.014440,0.011092,0.011823,22772,1682540
Jul 02 2014,0.013968,0.014423,0.011106,0.013897,42605,1785970
Jul 01 2014,0.013831,0.015419,0.013633,0.014033,19429,1764990
Jun 30 2014,0.014434,0.017092,0.013673,0.014108,30132,1837250
Jun 29 2014,0.013322,0.016678,0.012726,0.013825,36800,1676070
Jun 28 2014,0.013047,0.013838,0.011564,0.012253,17352,1641450
Jun 27 2014,0.010157,0.012377,0.009972,0.011612,27138,1277910
Jun 26 2014,0.009310,0.010261,0.009294,0.010088,12190,1171330
Jun 25 2014,0.009902,0.010406,0.009212,0.009338,2330,1245780
Jun 24 2014,0.009728,0.010591,0.009505,0.009884,12475,1220630
Jun 23 2014,0.010373,0.010953,0.009190,0.009728,7485,1297910
Jun 22 2014,0.011283,0.012206,0.009884,0.010285,13712,1408050
Jun 21 2014,0.011370,0.013394,0.010469,0.011266,27954,1414420
Jun 20 2014,0.010803,0.011676,0.009555,0.011379,35228,1339580
Jun 19 2014,0.010603,0.013450,0.009599,0.010787,34882,1311130
Jun 18 2014,0.013153,0.017006,0.012145,0.012145,114717,1621700
Jun 17 2014,0.011249,0.013961,0.010922,0.013961,33297,1383320
Jun 16 2014,0.010772,0.011764,0.010108,0.011261,37515,1320960
Jun 15 2014,0.009434,0.010786,0.008615,0.010132,13593,1154320
Jun 14 2014,0.008302,0.010128,0.008002,0.009458,38141,1013120
Jun 13 2014,0.008171,0.008996,0.007529,0.008293,20794,994352
Jun 12 2014,0.007230,0.008756,0.006640,0.008189,20143,877469
Jun 11 2014,0.007931,0.008405,0.006513,0.007225,21299,959923
Jun 10 2014,0.008299,0.008739,0.007915,0.007920,11627,1001570
Jun 09 2014,0.008531,0.009164,0.008124,0.008389,25065,1026740
Jun 08 2014,0.007061,0.009180,0.007032,0.008638,44364,857462
Jun 07 2014,0.006599,0.007838,0.006483,0.007146,10912,799669
Jun 06 2014,0.006727,0.006899,0.006259,0.006601,11320,809341
Jun 05 2014,0.005780,0.006808,0.005672,0.006606,6357,690725
Jun 04 2014,0.005114,0.006355,0.004958,0.005785,24639,607939
Jun 03 2014,0.005391,0.006058,0.004918,0.005122,29505,638474
Jun 02 2014,0.004871,0.006000,0.004695,0.005392,35914,573448
Jun 01 2014,0.006485,0.008725,0.004796,0.004875,48781,758404
May 31 2014,0.004247,0.007814,0.004131,0.006567,78026,492714
May 30 2014,0.003421,0.005831,0.003318,0.004235,19528,393749
May 29 2014,0.003474,0.004321,0.003044,0.003587,15742,396726
May 28 2014,0.004954,0.005399,0.002966,0.003427,23158,561425
May 27 2014,0.008977,0.008977,0.004593,0.005157,24320,1009500
May 26 2014,0.002987,0.010862,0.002974,0.009089,205874,333022
May 25 2014,0.002543,0.003526,0.002438,0.002976,7180,281246
May 24 2014,0.002351,0.002756,0.002311,0.002543,3393,257874
May 23 2014,0.002507,0.002731,0.002315,0.002348,5284,272698
May 22 2014,0.002515,0.002813,0.002096,0.002501,5002,271311
May 21 2014,0.002707,0.002830,0.001896,0.002514,5291,289604
May 20 2014,0.002763,0.003035,0.002676,0.002707,4147,293118
May 19 2014,0.002770,0.002995,0.002704,0.002762,3807,291434
May 18 2014,0.002896,0.002899,0.002717,0.002772,4319,302080
May 17 2014,0.002936,0.003031,0.002834,0.002898,3886,303553
May 16 2014,0.003001,0.003347,0.002866,0.002936,4614,307539
May 15 2014,0.002853,0.003175,0.002848,0.003145,1679,289810
May 14 2014,0.002837,0.003275,0.002649,0.002849,4029,285050
May 13 2014,0.003209,0.003407,0.002747,0.002837,4392,320246
May 12 2014,0.003343,0.003465,0.002939,0.003209,4745,331468
May 11 2014,0.003502,0.003890,0.003292,0.003348,5124,344185
May 10 2014,0.003759,0.003863,0.003465,0.003506,5920,366032
May 09 2014,0.003790,0.003861,0.003541,0.003770,5392,365637
May 08 2014,0.003737,0.004150,0.003444,0.003800,8072,357217
May 07 2014,0.003449,0.003914,0.003409,0.003738,6413,326512
May 06 2014,0.003382,0.003783,0.003168,0.003446,4114,317130
May 05 2014,0.003285,0.004029,0.003256,0.003383,8324,305016
May 04 2014,0.003721,0.003740,0.003207,0.003297,5809,342181
May 03 2014,0.004205,0.004408,0.003556,0.003714,6758,382964
May 02 2014,0.004492,0.004709,0.004126,0.004205,8383,404942
May 01 2014,0.005236,0.005253,0.004262,0.004495,9080,467375
Apr 30 2014,0.004947,0.006713,0.004467,0.005236,3779,437071
Apr 29 2014,0.005058,0.005248,0.004934,0.004950,9050,442381
Apr 28 2014,0.005141,0.005494,0.005050,0.005062,8729,444955
Apr 27 2014,0.006029,0.006386,0.004930,0.005209,11467,516365
Apr 26 2014,0.005717,0.006112,0.004776,0.006047,11249,484436
Apr 25 2014,0.006217,0.006425,0.004631,0.005714,10284,521878
Apr 24 2014,0.006516,0.006532,0.005727,0.006222,12581,540866
Apr 23 2014,0.007324,0.007610,0.006025,0.006496,14680,602377
Apr 22 2014,0.008645,0.008987,0.007006,0.007356,19512,703396
Apr 21 2014,0.010633,0.011337,0.007944,0.008780,58418,855616
Apr 20 2014,0.015546,0.015546,0.008594,0.010179,82758,1237430
Apr 19 2014,0.014285,0.016767,0.014017,0.015540,109745,1124250
Apr 18 2014,0.010846,0.015886,0.010846,0.014506,170651,843710
Apr 17 2014,0.009167,0.012090,0.008378,0.011129,75677,704862
Apr 16 2014,0.009230,0.009529,0.007992,0.009106,18009,701692
Apr 15 2014,0.007417,0.009259,0.007146,0.009198,22362,557193
Apr 14 2014,0.006547,0.007640,0.006304,0.007424,18891,486062
Apr 13 2014,0.006867,0.007086,0.006221,0.006543,10828,503676
Apr 12 2014,0.007162,0.007467,0.006712,0.006860,8783,518881
Apr 11 2014,0.005801,0.007501,0.005349,0.007191,11238,406060
Apr 10 2014,0.008549,0.008549,0.005698,0.005800,19023,598405
Apr 09 2014,0.009345,0.009559,0.007102,0.008558,41569,651795
Apr 08 2014,0.007953,0.010342,0.006993,0.009410,85969,547468
Apr 07 2014,0.005785,0.007918,0.005567,0.007918,27001,392905
Apr 06 2014,0.006111,0.006204,0.005388,0.005774,10855,409584
Apr 05 2014,0.005197,0.006161,0.005157,0.006121,14188,343482
Apr 04 2014,0.005363,0.005419,0.004933,0.005207,10753,349677
Apr 03 2014,0.005544,0.005555,0.004910,0.005352,10798,356477
Apr 02 2014,0.005247,0.006101,0.004944,0.005553,14158,332589
Apr 01 2014,0.004935,0.006283,0.004757,0.005239,19790,308397
Mar 31 2014,0.004737,0.005577,0.004618,0.005050,8054,291749
Mar 30 2014,0.005639,0.005811,0.004691,0.004716,11398,342180
Mar 29 2014,0.005680,0.006377,0.005322,0.006125,10730,339641
Mar 28 2014,0.006001,0.007140,0.005463,0.005589,7063,353369
Mar 27 2014,0.006346,0.007164,0.005750,0.005926,11336,367936
Mar 26 2014,0.006589,0.006764,0.005380,0.006354,9926,376116
Mar 25 2014,0.007281,0.007935,0.005826,0.006528,15021,408966
Mar 24 2014,0.007645,0.008061,0.006739,0.007260,11621,422594
Mar 23 2014,0.008107,0.008561,0.007607,0.007628,10182,440851
Mar 22 2014,0.008761,0.009590,0.007885,0.008092,16907,468535
Mar 21 2014,0.008163,0.009033,0.007962,0.008751,11985,429075
Mar 20 2014,0.009126,0.009813,0.006569,0.008820,14066,471438
Mar 19 2014,0.008760,0.009738,0.008742,0.009121,9267,444572
Mar 18 2014,0.008612,0.013360,0.008171,0.009215,35552,429292
Mar 17 2014,0.008049,0.009725,0.008049,0.008620,9207,393912
Mar 16 2014,0.011836,0.012331,0.007817,0.008052,17910,568691
Mar 15 2014,0.008606,0.013052,0.008606,0.011937,10674,405533
Mar 14 2014,0.012489,0.013668,0.007729,0.008411,12063,577557
Mar 13 2014,0.011903,0.017898,0.010199,0.012518,5702,539818
Mar 12 2014,0.015339,0.025120,0.011413,0.011942,19745,681907
Mar 11 2014,0.015461,0.017318,0.000745,0.014647,51395,673248
Mar 10 2014,0.017033,0.021005,0.011975,0.015416,89030,726008
Mar 09 2014,0.007592,0.017333,0.007592,0.016491,48498,316554
Mar 08 2014,0.006225,0.007806,0.004524,0.007399,17749,253857
Mar 07 2014,0.006493,0.006608,0.001258,0.006219,11584,258859
Mar 06 2014,0.005123,0.006671,0.005107,0.006499,8117,199571
Mar 05 2014,0.005663,0.006271,0.004822,0.005124,5143,215466
Mar 04 2014,0.004223,0.006217,0.004188,0.005668,4167,156820
Mar 03 2014,0.004500,0.005739,0.003913,0.005002,5208,163051
Mar 02 2014,0.005155,0.005915,0.004244,0.004478,3715,182305
Feb 27 2014,0.004624,0.006958,0.004624,0.006220,4113,150771
Feb 26 2014,0.003360,0.005235,0.003360,0.004632,2284,1262
Feb 25 2014,0.002635,0.003592,0.002331,0.003520,1371,81640
Feb 20 2014,0.006873,0.029962,0.006873,0.006902,3277,179126
Feb 19 2014,0.008012,0.014791,0.006335,0.006872,3608,203831
Feb 18 2014,0.007934,0.009655,0.006882,0.008020,5296,194678
Feb 17 2014,0.008292,0.009462,0.007618,0.007922,4663,196002
Feb 16 2014,0.010611,0.011577,0.005388,0.007751,5996,245161
Feb 15 2014,0.011744,0.013776,0.010274,0.011634,7028,257115
Feb 14 2014,0.013226,0.062467,0.000006,0.011764,9882,278240
Feb 13 2014,0.016255,0.019069,0.006708,0.013315,15392,327870
Feb 12 2014,0.009077,0.066078,0.000013,0.016260,23327,174672
Feb 11 2014,0.008695,0.009416,0.008695,0.009074,4636,167181
Feb 10 2014,0.004625,0.008675,0.004625,0.007524,2980,81548
